4595
2600
3708
3821
1512
442
5016
3942
1256
7777
3538
7960
1376
2942
6864
7641
320
5574
6057
9237
4034
3545
1843
9784
7988
1862
6540
6599
868
2099
6955
259
871
834
5737
8207
4122
6871
445
9408
5577
9388
8511
8413
8400
1708
5069
3292
6162
9801
5642
1499
3780
169
2651
5116
8986
5371
5786
9129
4625
6105
9899
5064
3699
2160
2903
6670
6316
6717
5282
5500
5026
6694
879
9006
8403
1734
1572
8047
9181
7436
5603
7000
1368
468
8985
5569
4561
4652
1801
201
604
5625
9444
9468
4677
1858
8605
974
307
122
9777
1509
9588
8660
7911
2309
5184
99
1353
4147
7918
3136
3095
7847
7791
7062
8082
5115
9776
7219
7117
2288
4781
6759
6098
4401
9617
645
4651
5110
4195
1048
525
3619
3200
9832
8980
2016
3297
7392
8113
2883
2055
3725
6025
621
2823
7796
8864
8373
6523
6454
72
9818
2475
3849
5667
2012
4441
5085
7967
6699
8948
6504
3040
9443
668
7650
4323
1166
6449
4070
9667
6086
1557
2689
9840
778
4520
8078
9171
8990
4137
2568
6737
1002
5
8669
8240
1018
7561
5915
6097
5136
2379
3127
3429
234
3011
7174
1648
7102
3694
2958
344
5079
3816
1686
8557
5359
7687
1415
324
5137
8329
1142
2736
5677
4437
8154
4714
8956
1482
3223
8783
7460
9768
511
5919
8953
82
3746
550
4955
2268
698
506
6505
7833
9678
5531
2766
8903
6370
8182
2512
7784
9261
9538
3651
1282
8234
200
3079
9465
9221
8446
2380
4628
3014
8938
9299
9645
2497
4004
7002
8699
5568
5150
6562
6244
740
2196
9097
9174
3131
4580
5133
7199
132
1794
7235
7938
6383
5393
6160
3156
9685
6963
351
3249
8810
8338
8301
6519
5927
7802
1625
7850
4121
9811
2116
4162
6006
6363
4416
4431
4577
2183
3886
9707
1914
7794
4138
7451
1016
6332
3488
3210
9829
804
2704
146
6539
7829
8923
5445
9000
7120
7211
7643
3420
7381
8838
6242
8129
6074
3110
2768
7632
204
1517
1520
8587
2796
5264
6641
7937
9533
3815
1857
5766
2624
7549
8455
8192
7497
9554
4956
1545
546
6942
3398
9815
9238
9144
1589
8771
4637
4911
430
919
5779
5845
5586
5653
4120
2563
4099
6724
6896
529
9601
6292
2341
3546
1004
2048
9377
1108
6811
6655
1239
7328
7711
827
2532
4379
4171
5969
4584
2059
3848
8261
4564
1531
8500
2525
8519
2039
4358
9603
6005
7883
2757
4881
3248
9315
3442
9524
1356
101
3924
1020
7166
7042
761
3174
8952
6159
3919
7827
8679
3072
1035
4591
6010
6061
4929
4532
4867
5921
728
7198
111
8134
3374
1666
7275
4633
1712
4840
5843
2315
4326
6231
7719
2143
3251
4282
9219
6426
2247
5410
8999
5986
7416
2724
9120
7882
4879
2141
3272
2334
9998
5649
2994
2084
2862
45
7671
3373
1250
5190
1395
1603
4707
4692
6847
7841
2886
8482
903
2752
6466
824
2350
7762
3873
3034
4512
7875
1349
5506
4264
276
14
752
4829
8809
8118
9905
7932
8802
6757
5002
4745
5947
42
6506
5434
1640
3147
9049
5347
1827
3000
3951
3023
1672
6218
8034
2461
836
2509
253
4082
4755
4671
4448
2236
6262
8715
7986
162
5219
9
3669
9883
3590
105
8747
572
6933
2620
3314
9586
1630
4300
8008
5731
682
8235
6007
1421
2131
4280
5538
6929
8926
5978
7234
6528
2688
8364
6855
7470
3932
548
2102
3329
2827
5635
258
1317
3132
620
5129
7980
9246
7790
882
3380
1590
8165
9029
1845
9842
8120
6391
6440
2834
3211
3944
2458
916
6433
8184
1095
1464
744
6408
9812
2954
1405
9824
4248
4125
354
9674
9969
9094
174
2014
2145
3776
4189
3548
8004
5944
8006
6868
2640
7739
3751
7312
8458
7832
5582
7895
4024
1757
2763
1070
1485
877
3205
8072
4596
1912
342
1690
475
4216
6044
2771
5866
6558
6348
2351
8762
7989
3351
5100
6899
4736
8617
2933
9425
4029
7577
5623
3662
7625
5817
4268
3824
9691
8342
6754
4806
2241
2308
7345
3294
7851
2804
8117
7758
4275
8670
85
2953
6858
28
3749
7244
2033
5260
5112
6345
4700
6872
2786
3359
760
662
8243
4851
6828
551
8613
2041
1474
9363
4073
1789
4992
2047
891
7793
6988
5912
1560
3364
2317
9059
8647
6225
5831
4531
7315
5426
5814
528
7652
5746
3187
8177
1901
2501
3415
8037
4227
1381
7884
389
9653
6067
4931
6729
6220
8929
2962
7663
954
1364
1679
6052
6685
9493
9410
697
5206
1059
2927
4862
1063
3323
5941
4114
9107
106
8678
1195
9972
8007
4883
6965
963
3903
7449
3788
4857
1897
2544
3785
5186
3630
1856
8882
6303
3215
8398
3606
7710
1292
7323
5038
1758
3741
7273
8634
4348
75
4085
1575
9787
8058
4597
9337
356
2555
4164
536
2132
3101
5392
1717
9196
1584
6199
4662
1447
2755
9879
3690
8868
1587
4511
4272
8883
6436
1958
6734
1949
4586
4669
3087
8896
2536
6484
1030
7008
3356
5005
9886
1673
7092
2680
5827
2661
3192
2125
3945
7134
7048
3964
8532
3685
9121
2662
5769
7350
4870
5073
9200
9372
4839
9723
2105
1269
1737
139
3080
1452
1913
7145
2129
4746
9922
4347
4032
909
7142
716
412
887
6000
3550
3529
9988
566
9249
1871
7229
4650
190
3219
2819
4664
3798
6473
4502
8414
2154
5564
9172
4213
7742
2032
7346
7085
8982
6931
7286
2535
582
1766
8390
3735
1762
9104
8837
5520
7300
6520
7474
9531
4285
30
5482
5099
8283
5805
9961
8095
8383
505
5299
3892
5098
1965
4132
4954
8290
2387
462
2526
4504
3426
4142
2906
4936
770
3159
5083
3254
3419
9336
902
2510
5979
5104
9335
8219
3371
4721
9735
8155
3889
9022
2858
6568
2113
8075
8832
7261
8033
6637
2849
6423
5608
1266
5090
1921
8447
9632
1508
4116
1134
456
7843
8157
8473
1709
8984
9934
64
4333
4001
4946
4313
2318
2249
9450
7553
4507
6636
5698
3568
6751
1879
9040
838
2434
8945
6228
5449
2067
3339
2860
3996
8256
2845
2456
7224
3577
4574
5351
3367
3831
1089
7466
123
930
302
1617
2925
2445
13
4779
5553
4609
9938
5191
4265
3290
6158
5566
2979
3305
8615
7994
8225
4686
5490
7541
1979
8271
2126
1307
7084
4315
2703
842
6733
8925
5893
4390
5758
2262
5028
9316
4528
2109
9387
5428
807
2495
9841
8298
8596
4378
4043
9680
4809
6217
9888
4173
9483
8555
7869
4853
4895
6146
8204
5195
8162
4039
5080
9724
796
6282
6142
3650
7943
8332
6163
4894
6748
453
6629
6732
8187
2111
6373
3357
9319
1022
3985
8793
6689
4852
4756
9816
1408
2199
2378
6589
4941
942
5931
7662
6462
360
6442
3615
219
1920
7881
5238
3826
4702
6481
947
8084
4003
3325
814
2747
5211
8888
5185
1619
6376
2162
3306
3081
4392
1357
2121
5765
4910
684
3564
5207
4288
3950
1849
7399
6821
6941
735
4885
6510
9743
2265
3509
3399
8215
7801
6587
1066
1660
7612
3031
3603
3019
8477
7131
9265
9073
6633
8321
8300
5734
2821
5174
4533
1431
6902
8671
5886
786
3171
8844
8529
6677
8079
7017
5715
5774
7729
8885
6155
3978
6229
2112
591
4570
3048
6049
2879
5722
4438
9911
9466
2092
281
1869
9746
5032
9987
5362
9661
1569
2676
7614
5867
1055
8937
4084
8143
2000
1699
9764
7500
7725
9365
4712
691
5675
54
7317
6093
4403
4802
1698
4679
6026
9272
8387
9093
3298
2355
7675
3772
2700
5788
2272
298
3660
34
3451
8731
971
8211
1041
8336
3333
3243
9827
7803
3062
4080
9970
9130
8318
8712
4388
3990
5394
1228
9459
3863
5383
8002
2130
1522
4828
932
9345
3286
8648
8274
5960
839
6059
8561
9710
2193
1422
4109
4068
8080
2856
9341
9583
197
1601
7076
5600
1436
7962
7726
5807
2741
6903
143
4230
6918
4430
479
2304
9530
278
273
6550
9461
1637
3819
5437
5955
1963
5658
5205
1771
3740
4951
472
301
5580
2967
115
8684
83
1259
363
1585
6200
7867
4185
8685
6390
2023
6846
2374
5232
6575
2686
6990
2042
8025
9284
3817
5068
1226
5964
6356
4184
9433
3299
5021
4152
9839
4723
8305
7457
9859
4053
9361
893
4684
6324
939
8349
8568
2940
8826
4065
6879
9962
6441
2776
9153
3802
2003
2229
2354
8591
5939
7373
3623
7151
6004
5980
2278
7107
7262
6567
206
9903
4957
8071
1471
5481
7251
390
3280
5517
2148
8630
3013
1202
2496
7700
8846
5864
3113
8389
5054
335
2284
6776
4212
5243
9791
9081
3083
7733
9544
6870
6878
7617
7804
5041
7106
4484
2977
5297
8040
66
1652
4386
2810
9613
3184
2313
5993
3811
4480
5916
5836
5493
2926
8976
9608
2973
9414
6952
5844
7606
7270
1323
3503
1200
3914
5408
9215
3589
6916
5202
2485
1598
2250
1985
2224
3016
5513
1993
8668
2174
2939
6616
6771
3872
7424
7115
4824
9654
1311
175
8487
2645
3407
710
6179
653
4276
4186
3490
4996
9664
3344
3719
52
6328
1435
8074
6680
8010
3900
3099
878
5837
237
1394
5539
265
1594
8898
4239
2287
6658
6885
1434
800
5934
5863
3888
6343
6475
655
6695
3691
6349
9086
6082
7930
5172
8941
8840
3987
5338
2298
31
5965
3185
968
7138
809
3971
9562
1804
6782
1400
5353
6792
7512
8756
3584
5330
6284
2905
3894
2773
2710
4814
1834
1231
8728
322
3497
6410
6489
9295
9843
2503
5344
3258
7674
3906
883
3137
7806
6011
6517
6849
9380
4037
9587
4428
851
1700
470
8501
9574
6749
7590
2491
1110
4405
1314
1212
5078
9067
3598
9016
5801
5987
2917
3940
3039
7695
2036
1191
3517
3335
1305
9109
1647
8450
3709
4667
4882
3941
1548
2597
7563
8601
4831
1011
2405
1236
5178
5411
8036
9108
4410
5673
2328
9949
9672
7263
1217
4176
8222
1299
1606
6594
7121
7266
306
2968
7624
5804
6681
5187
2144
3077
2944
9855
1049
7800
5025
5983
5386
6857
6705
5173
7114
3734
6666
3041
8977
3288
7669
244
8275
2065
8339
2559
3844
1265
8887
3895
9852
8030
7272
5407
3633
4452
4107
9150
8254
341
246
4014
9037
6630
3624
1604
8307
36
5276
78
9492
7379
1516
2124
6315
9157
9338
6121
6075
291
9308
7213
5884
9549
8244
396
898
8467
3360
9116
9366
9297
9407
780
9558
4907
382
8340
2901
7811
1639
7925
8704
9993
6861
164
8233
3936
2712
8614
6808
4005
2803
9889
2282
6895
457
1867
6512
4058
7528
3201
9092
5822
8631
1873
9184
7492
3054
5587
7952
6932
7754
2
4174
4293
4509
1139
6421
7959
1728
5201
9614
8632
7705
4111
8324
818
116
9342
6772
9851
2638
2611
5049
5200
33
7872
1629
5591
918
6822
3051
2916
8758
3139
1164
8714
7154
577
3683
1235
5175
4321
6402
5619
8792
378
8543
9491
9187
686
9096
2583
7109
6365
8992
1788
3841
8579
8707
2929
669
4187
9126
1056
9030
8514
8757
6841
523
2518
8502
1883
1038
3634
4959
4875
3319
7714
340
2184
3216
9042
9624
4377
7927
6474
5261
9649
2157
8097
2623
7723
1000
413
6712
3473
4731
1889
2567
9552
5503
4364
5670
4601
9717
6072
7308
3937
8441
8701
8372
6485
257
8404
6842
1247
1493
3536
6867
5933
9721
9726
8874
6661
6165
1577
5652
4209
5013
1192
5640
2151
9808
4286
6414
1892
8830
8571
5153
6416
7660
11
6648
2738
12
3028
4987
5142
9267
739
1123
8845
8924
666
294
1900
5012
9460
5365
6580
3121
5405
6253
7667
6487
6448
8380
2797
2244
9977
3003
3385
6547
5808
7499
4214
4581
9371
6417
4083
7111
4016
7558
6564
4690
2389
3180
5086
4642
7517
9155
6043
5340
730
1675
7331
6869
70
9901
1116
4925
2397
5802
2984
142
2971
2176
1970
9821
91
8442
1462
8841
9090
4057
2451
2851
1215
1870
5540
5361
467
3845
3413
2395
2153
3058
5570
6801
833
9439
6205
6237
3409
4864
1513
6021
9359
47
5229
5287
3931
4374
4623
2466
5472
5477
6299
7694
6923
8205
876
9982
4066
949
7825
8504
3635
5741
7423
766
9944
4357
8035
5460
9941
1874
875
9555
9494
249
7361
3566
6883
1795
3790
5077
9274
3574
4217
6
8459
1775
1136
9422
8451
750
8655
797
8309
5794
553
4223
3166
3527
1204
2383
2648
6601
7809
8124
5694
4391
6054
8180
4874
4945
4843
1486
8815
1185
9866
2846
5563
8379
7162
9074
689
8066
1017
420
6957
6317
9927
4673
6607
4923
6509
6675
1609
1179
7535
6619
4640
8253
5278
3293
3232
2852
4252
5332
7452
4281
5181
6499
2307
2531
3245
9023
1143
1216
9180
5412
2482
5904
4224
6164
1524
1270
931
5821
183
5305
6686
4754
9305
1702
7404
2839
4210
6192
1840
5828
1919
4422
3883
2932
1404
1943
2816
8662
637
9940
1674
9347
137
1080
7103
391
3225
5651
3818
2237
6820
5043
9760
9766
574
411
3555
8116
664
8273
3485
5108
7378
9761
4972
1878
630
3471
5293
9326
2305
5687
4169
9242
4123
2316
7514
6642
3036
3543
163
8736
4968
9369
74
8407
2279
1511
9783
7892
6827
4869
6256
6089
9193
8334
5542
5733
1363
3822
6398
8259
7738
4670
8460
7301
2912
1149
9860
233
8960
4896
3897
2652
7968
5422
8017
7946
6467
8303
2312
1427
1203
2018
5214
9537
6176
8133
2880
6341
7507
5457
9615
7545
1279
8688
231
7537
8181
7769
7340
2995
1005
339
1881
4554
1633
2470
1658
5536
4140
6572
9047
6168
9519
8146
5819
6113
3370
4818
3696
3053
7104
5781
179
7781
8979
3386
6907
6397
1308
4322
940
358
9728
1135
5010
4544
9101
5218
3247
899
6610
2267
4582
3982
4225
3269
3408
5296
1971
7923
9762
3076
6190
9068
5578
3012
9431
2735
7656
8210
2627
4385
1346
4135
4921
7302
4247
5157
3871
5772
8732
3702
5590
2377
9340
1336
8858
9635
7140
7730
1796
7659
192
4615
6419
5089
2986
4656
819
538
1313
7152
1248
149
9210
8313
8190
5128
2093
7182
7582
8327
4926
3123
946
9939
3575
5572
5377
2195
9264
284
2217
6541
9539
7768
9686
9482
5418
6543
998
7505
9709
9856
7052
7456
5683
386
9853
825
3416
1653
8823
1947
3846
8558
3100
308
4830
9618
6530
9715
9173
9511
6161
8425
2985
140
2923
465
8394
2209
9999
7237
3228
8031
3850
9132
441
9309
5930
6077
4612
7893
3644
2978
2427
1052
3255
8122
792
9382
3108
8412
2223
677
7027
4368
5223
6023
9503
6219
5932
7546
9498
3587
7686
7294
8453
3486
9053
2632
2825
6992
9198
8478
166
2955
6400
6094
2681
9914
6078
6085
4709
3554
3943
8698
9228
1114
9807
8431
6716
3991
7344
4901
2027
8353
2812
5902
4447
5567
6627
5230
2897
6969
1050
6081
6693
1188
9318
695
1934
1974
767
6795
4873
1330
4792
4266
826
9131
4590
3337
1544
3259
8769
3528
1607
6692
3050
4269
3705
3022
9283
4810
484
6865
9937
4400
8964
5193
3312
8183
9636
9767
5798
6592
7019
9921
9250
1768
9604
5717
6765
5030
3150
287
5273
9874
3625
7756
6697
8566
6554
8865
7503
9525
2049
6118
9637
4865
6068
693
8533
4805
4476
5701
8690
8554
3317
6116
5548
5952
3801
1031
1178
7031
1488
3343
7165
9260
8356
8382
4259
8531
6450
5055
8093
8954
1128
1991
5444
7592
7129
1939
6298
6309
3902
1954
8444
3261
3999
6927
9485
8457
3464
8764
2242
676
4411
3733
2335
6101
5498
7866
2938
2721
5614
1475
7565
692
3681
1733
7306
3226
8922
3115
7593
6333
8776
7604
8062
9771
5196
4371
5314
5910
9470
2060
1302
8604
6921
4562
7619
765
5495
8733
9275
5585
575
8224
5543
3792
6915
9391
3763
5450
7844
2516
1685
3840
8330
3995
6036
1309
7065
5459
3676
3794
3047
173
8186
9473
3309
3001
9334
5217
7655
8101
8606
3435
9417
6546
5664
1687
6063
7618
4290
9809
3949
2369
7724
9711
3487
9936
8748
9317
8916
9329
3481
2767
3768
7859
7766
4108
4445
9794
7205
2234
8674
5512
4592
5396
7580
5480
4314
1855
9398
7438
2191
2499
8729
6836
4893
2639
4622
3396
5648
2035
2893
5905
8418
4270
5281
1285
2877
1657
2004
8046
3629
7288
1463
362
3806
5075
3773
7906
9141
3812
7465
537
4449
4585
235
9948
4948
3414
1324
4600
2454
626
8169
8011
559
1570
5924
5761
8641
2590
9810
5618
9080
2476
9405
1244
3695
9838
7944
8550
4258
3588
9071
8661
7329
5685
352
2871
4002
9817
4373
473
7531
3657
3771
7672
9082
1337
6111
5857
3648
519
3285
5565
131
6117
1784
6210
4339
6153
9070
4704
1932
3472
4207
9955
8454
5615
768
8267
2731
1742
3170
8785
4240
8032
9597
5312
8779
7014
3097
4133
9658
3988
9202
2850
1351
3884
7055
8806
1818
5279
3400
21
3242
5421
5940
8001
2636
1574
4832
7141
6250
1836
7490
6283
6496
2117
2546
2609
9160
863
5508
1904
9291
6307
2296
2164
7026
252
5120
6998
1735
8805
7699
4613
5813
2857
7132
4141
8889
9212
6608
7089
310
4304
3525
5838
4886
2402
4630
2345
7365
2811
3089
9924
5637
4098
4970
7253
3866
471
1997
4067
7817
8288
5841
5255
8293
6338
447
3392
9747
7408
6978
9395
4237
9463
2215
3891
5280
5995
660
1171
6196
5795
7070
1180
170
8391
6966
4226
4922
1077
7735
1586
3962
7252
3275
2560
6438
8947
1980
4618
4976
32
7368
5627
890
3071
1168
5672
5151
1659
5537
86
612
2548
7407
5706
8366
267
504
7583
3602
7023
127
5949
3915
4513
2781
3997
9136
1401
8909
6266
1800
8563
7172
60
9304
4340
2817
9026
4353
1556
8468
9900
4277
8523
5425
261
1361
4822
1342
7908
4144
4616
8099
1761
7173
2448
6877
7609
3287
5984
9609
3814
5484
7661
3829
926
9976
5972
4868
8635
6890
4981
4287
4487
5415
196
5770
3208
3450
5929
5526
7712
7349
9152
5160
5996
4095
5360
92
2800
6880
8724
1848
8098
1046
2553
3909
8012
9201
1113
2761
7032
55
3018
7786
2271
7074
5926
7061
6157
8185
191
1074
1538
8148
4018
9516
1107
6360
3483
3469
6793
6490
7047
1713
7462
461
350
7831
2507
4360
7297
9965
6272
9383
2073
5860
2899
6926
6183
9913
5778
8485
2175
5235
4149
8417
7410
7056
6233
9959
429
1715
2730
8462
9362
872
7996
2934
1161
7689
3649
4090
4813
6960
305
402
3769
704
3291
6839
8278
8996
5541
8867
1492
2801
5535
3432
4077
9375
508
3032
2603
1062
7995
9244
9769
7405
2772
2551
4074
2186
6579
9923
7629
9681
4608
435
8553
5695
9663
5256
7187
269
1995
20
1444
679
9110
2937
6418
3869
8230
1714
366
7143
7797
7648
9689
1910
7684
845
9418
5368
9688
8932
1731
8038
2025
7054
9453
3700
4713
5898
3922
3839
3787
1441
432
4376
9222
1537
924
1340
8884
2051
2436
8152
3580
840
2524
2824
8331
3722
6711
8968
678
9906
3405
6745
3867
9145
3181
7533
3052
7039
3714
8056
999
2732
6062
8577
830
2577
9353
8971
2983
6296
6706
9162
9011
4937
3283
4902
4466
7479
4402
3571
823
1124
6187
3178
5895
6991
3558
8480
3264
9231
4052
6374
1129
886
6708
3758
9796
1696
8569
7383
870
7774
8448
5743
9802
3394
4701
4743
1661
5443
4324
9727
9003
9950
4485
7080
4351
2163
6405
4429
923
7274
6252
9568
1948
2103
8188
4643
2140
713
8363
7564
3438
1211
6201
2419
6189
2960
8836
9496
3737
1863
9559
5738
236
9744
6310
5222
6785
9060
4008
9954
1933
1518
858
7158
3547
2843
1028
4646
7420
6092
9942
3061
7015
317
9947
857
515
5356
1536
2078
346
543
4716
5123
5226
7595
6533
5720
9662
9673
6753
6335
154
7295
8692
6447
7389
3021
3199
6604
4899
5847
406
69
6342
3346
6961
2187
8076
5605
3805
223
9458
1154
2447
6470
2238
1523
8653
7411
6897
5710
1144
4020
364
7628
3454
416
6566
3923
7679
1944
4492
4984
3507
7277
9579
9676
4220
9020
1182
1957
9480
4418
5380
2302
8966
1530
3539
5271
8958
7249
6100
4942
989
3827
9428
2222
667
8163
2400
4540
5355
6650
3494
5629
7987
6457
4078
1384
9997
3701
7370
3905
3917
7697
487
387
2701
9986
8777
3716
3417
9457
2949
7718
6258
6639
7945
6623
3336
2575
6197
2922
5708
812
2098
9438
5630
7481
6291
1288
9621
10000
5014
5602
4607
385
225
7099
6038
9551
2836
9885
8323
41
2556
4170
1955
4648
3204
6138
773
4993
1519
2390
8843
8936
2149
2693
4750
2685
7374
6614
9910
5559
6479
4006
561
288
5463
6545
2996
3972
4718
1822
1718
7649
5726
4417
1683
4426
2417
3176
7018
260
7551
2952
889
2181
6700
1773
8520
3877
6334
1566
2550
297
7335
8859
4764
2961
8717
8255
7855
7430
9061
6507
4
3764
6647
5913
901
1343
7139
720
9164
539
9001
4284
7079
672
5379
9708
769
1956
644
7886
674
4196
6453
2876
3106
7856
1875
8191
1553
8424
5797
5953
7445
9798
8507
4233
701
589
4610
4735
3655
4366
4563
584
9996
7395
7148
1205
9118
5165
3610
3183
6287
1234
7567
4579
2166
2418
5693
6409
1111
316
8588
4198
9931
9517
5143
4880
6743
8039
9462
1060
6396
5145
4012
7421
6445
7737
7225
6320
1543
5643
2998
680
8820
6701
7443
6816
7325
602
6727
7926
8643
7885
7969
5105
427
9268
7006
7636
2046
7845
5071
1133
8246
9600
5703
1081
1864
2976
3266
2805
3475
250
2854
1981
5132
7425
3065
5301
4253
4524
2213
1393
8602
5759
7770
2691
5341
8115
7406
6123
2311
1777
9610
2431
8119
9823
3206
229
8295
929
8439
6264
3403
2873
2270
4319
2935
5711
172
5118
4443
460
2426
3157
4990
7068
61
9122
8051
6911
583
6367
6987
5125
128
7970
87
5210
3222
1240
4505
1121
451
4952
1218
7095
9161
2504
5967
4542
2412
2240
5684
6831
9828
1355
5135
1181
9269
606
7200
4994
8125
9178
7744
4091
4274
2216
9203
2356
3427
4432
9289
5109
7230
7745
7216
7998
205
2352
1019
9981
9226
9449
4054
5429
8292
8297
8175
6913
1172
8241
2169
3231
5454
3194
7772
3786
5440
4289
1628
2558
617
4419
1743
3358
2147
1554
7555
3412
3193
9575
6120
8695
6323
1816
2008
9894
334
3265
4349
1764
8547
6297
7666
9188
1790
7034
4846
6985
8189
1951
518
5397
7862
5438
8633
5713
3661
8581
4726
8408
109
6683
9751
641
2399
1838
5724
3212
5757
6536
4674
1398
6755
7644
3240
5387
6191
3311
1500
6643
6393
6850
9258
9793
5015
3820
8872
1558
1972
6459
5669
3005
6704
384
7812
4119
5346
6687
8279
3627
2080
7685
245
7681
220
6171
4576
2907
1868
4639
6012
6206
1669
3078
9495
4551
9850
152
5721
9033
777
2225
6769
5709
9432
5381
7394
7398
2828
4500
4759
8983
7238
8409
5901
8818
2044
751
2190
6354
94
8930
1928
2715
7403
5896
2203
7284
6951
9048
6270
2829
5006
8406
6115
6308
7305
5699
958
979
6823
596
8638
9595
8560
5378
5221
3857
7939
4075
6245
7981
4161
1403
5182
7189
5244
2965
7919
1770
3119
6756
6008
6385
1736
9290
6605
2787
8348
6948
6537
7538
3145
1929
1763
9786
5502
5348
8524
992
2349
6279
6582
2021
4436
171
509
2758
3678
2226
953
7798
5154
6184
8691
3628
594
5439
6962
1990
2230
2134
8022
8435
8136
9445
485
5462
2276
4160
5106
2071
7245
9409
3030
6945
4088
7073
9512
6154
9306
6227
7471
799
7922
5889
9974
5696
6534
1433
4914
7596
3190
2235
9046
4632
7382
7578
9619
355
3755
2557
2414
2221
4778
9054
7552
8438
4267
8730
724
7509
6882
3782
8860
5691
5300
7907
4527
1329
8111
3395
3926
3480
5225
5775
4194
9648
5326
4370
2904
976
438
89
2835
8488
921
5475
9298
3307
177
3853
7320
2894
7761
6202
6359
195
9745
3458
7045
6029
8627
3338
4614
1890
490
5606
3164
5859
7478
6690
2521
9790
9055
24
7193
9759
2753
5246
7792
1312
5404
9098
2674
1469
2733
8957
8220
2460
3833
5958
1541
5084
4177
9979
4534
6265
8178
4980
1562
8546
56
9400
6943
3777
1033
835
418
793
7598
5846
7864
6451
8616
4620
2711
7579
9217
1707
5579
8239
2034
2578
8405
8499
7920
1841
3759
3158
1837
9072
1140
2974
1206
8361
1608
6461
9189
6019
8539
1420
599
6430
2443
5302
3929
4510
8592
3921
1101
5776
3578
8626
1479
4420
7201
5036
189
5117
6696
6894
3296
4739
7435
9292
772
4235
5973
3810
207
7621
5370
4331
8221
6172
1859
7948
4496
2082
2202
1721
4539
156
6656
9344
6613
9714
3063
1242
1817
255
5056
98
7876
9990
3707
4352
5269
3532
2498
5441
5874
5453
5816
7396
4812
624
6386
2576
1741
7248
7616
372
5050
3752
7752
8910
5728
6194
8061
1354
6222
7283
3043
2708
7016
9256
9348
8987
7450
3611
7782
6355
4790
6936
2097
9778
2988
5740
1960
9176
8140
7971
5066
1100
7188
7916
227
4525
9854
198
3544
1087
663
5957
4197
9218
8894
6679
6091
419
705
431
6707
148
9287
4958
9442
2601
4398
2779
4619
1425
9958
3143
1365
1786
7454
6703
4355
615
5240
8967
7566
2809
4903
2375
6908
2449
3572
1264
455
2593
1986
3748
5289
8203
854
9478
6415
7144
6198
5750
9115
2743
1106
2367
1803
952
9730
8396
3060
1187
4904
3998
1909
3241
3441
4244
2138
5433
3029
7990
4026
3498
8950
3968
5791
6257
1316
3636
1567
2818
7169
957
888
2530
4878
4462
7508
193
7343
1831
3117
5666
5668
1260
5853
2782
8921
1183
1906
8528
6893
7210
3191
3
4611
9159
5000
7013
3354
5102
5873
732
7247
5826
9576
6035
785
3593
5167
5119
6500
6532
7868
7626
4763
962
2359
6698
2376
5339
8399
3560
2289
1443
7038
795
908
9389
9881
4599
2481
4631
7708
6290
7585
1484
7267
9620
5753
9227
5533
2462
4760
1780
9508
1884
5352
9083
964
1613
8801
5549
905
8285
9057
9111
1877
5430
1286
7133
8907
1419
2052
3727
6551
3433
8891
910
980
9833
2347
7136
4897
3389
8376
975
8042
3832
2303
6344
8416
3126
8302
6553
6468
3861
5420
2911
153
5719
7096
5367
4801
1632
4130
3887
8768
2882
5780
7898
9427
8902
806
3854
4682
9627
48
9085
5470
3262
9861
7157
4150
5350
8174
7269
7795
4192
2243
6051
4165
2918
1924
4799
852
1987
4800
5686
4890
5951
2630
5395
6128
5237
4598
8878
7037
5660
2478
9087
2245
3478
7281
9448
9436
6742
613
2683
5241
906
4666
6875
3459
7137
7544
4345
3502
3970
9031
7678
8854
1936
1253
8709
8135
1222
8628
828
4148
683
2672
1437
1430
4744
4011
9211
9994
7342
5155
7917
9294
6424
7091
6322
4442
337
9607
4905
9671
9625
1600
5331
8280
1753
9729
5550
5259
57
2261
3803
7575
1387
6671
1105
1830
9712
6109
6939
588
2269
7319
7601
2429
5988
161
7338
8490
8808
8337
4463
4871
9321
9041
1938
5597
4573
2981
2156
7375
1267
1599
6770
8673
6147
4136
9168
6047
4414
5922
102
4406
8812
4729
8050
9598
2428
9510
6294
1277
9951
5401
3453
1072
4104
1146
3499
2915
7880
463
4999
7400
5858
168
9541
7285
9500
1043
4971
1724
3541
3092
2785
9099
6369
6981
959
994
3739
2670
1460
254
2579
3879
3235
6779
4555
5499
8199
7206
5335
213
3745
9411
9497
1701
2066
5589
4369
3743
4435
7518
8895
4706
5323
1438
6917
5700
7852
5039
556
4827
2622
8565
5890
2920
8734
1885
3501
967
379
9230
3616
5754
9602
240
4572
5199
6514
9542
7051
2133
5518
8702
3111
44
399
8720
7955
6503
5328
3457
6108
4305
4647
7362
1705
564
2528
7402
1268
983
7467
6009
4036
2319
422
5510
3057
215
8572
7113
1776
726
6379
6538
6967
5342
5474
4653
9028
9499
6434
6066
5879
2589
3569
9890
3643
4908
4381
6178
332
7858
4231
586
1752
1710
8495
4963
3713
9705
4593
3596
7203
5839
9167
788
2702
2306
1982
2096
649
7458
8624
9229
1636
3670
8564
7715
560
7677
7149
9585
8159
2257
9887
1667
4649
1246
8289
5291
4621
1378
4715
3149
1802
2565
3605
5835
4010
9404
6274
6840
6730
4823
2192
1588
6056
3330
4372
4045
6339
7924
7783
6399
62
4876
155
118
5262
7888
8306
4389
7007
9814
2870
9271
7434
8512
4329
7581
9933
6488
1959
1719
7560
7839
3682
2841
9204
9670
2194
7212
3107
2063
4856
7630
9262
1489
6064
1238
5856
1418
3234
7889
7680
3608
79
3162
4022
1791
912
7359
6925
5382
619
5999
2713
7046
2019
8346
7813
3576
8778
8787
4491
2372
6478
6260
8680
7589
9912
5325
1815
4665
6602
6329
7035
3315
2291
986
5632
2150
573
3710
5234
4659
381
9156
6856
1176
3592
7693
7972
2667
6239
2275
9027
1058
1578
1371
7586
4636
2964
8023
5871
7461
593
928
6302
2884
2472
5899
9870
8807
8620
3128
2088
5103
9652
1793
4962
1319
7615
8139
8705
7415
5436
3927
4935
8320
9572
1953
6015
618
7180
6422
6024
5943
2720
7254
1559
8128
6953
2104
6269
184
5452
8803
533
5189
4330
7422
3363
5756
8905
8114
9128
514
5158
2255
6919
439
5402
8912
8871
491
6665
8654
6531
3404
9194
5551
8863
7427
5876
2987
7397
1505
7997
8541
9584
5810
4672
7569
2642
293
290
8433
369
6306
8556
8131
6293
1157
6794
6247
5671
5523
4757
7025
9734
8522
9569
4782
7743
8492
5534
4342
9416
2777
1866
8024
4115
4246
4254
6053
8505
1534
2053
2855
2090
3675
6030
4124
3384
9075
2847
2552
4341
4478
8706
3378
7268
7333
374
6350
4367
2744
7472
4318
532
3697
1748
1326
9822
186
3784
9749
8226
4777
4627
2179
1450
673
4097
6644
7977
6131
3300
4752
376
4644
7954
7060
2028
977
8791
9594
448
3326
9477
9245
343
5204
3688
7278
7722
2969
1315
9105
2727
4766
8419
4483
609
6725
3880
9659
4035
1263
1610
8377
8026
9311
7515
5018
8479
5809
5489
5337
4821
5515
2336
331
4825
2838
1225
3163
8242
7228
9481
1772
4384
7105
6940
7611
8928
1284
7022
2572
3437
8449
5399
5982
5059
7703
5044
9871
266
8429
2459
2022
4950
3992
9536
3203
5966
2588
7178
2185
7732
3165
3537
4425
4167
1449
110
16
1809
8972
8819
4421
4848
4117
7123
4841
4518
1563
2924
4940
7740
6645
9657
3160
3218
3090
640
1304
4283
633
9868
747
9396
7572
3609
6526
7118
4156
8506
9535
3797
9826
4859
443
2471
9339
9757
256
1423
1223
1581
5220
7771
7857
4188
8176
3246
1454
763
5277
5139
209
4661
4093
1426
4320
3026
9018
3224
1067
5017
1689
8652
7613
417
2909
9403
1457
1303
2180
454
2863
6427
4982
4327
578
8465
2997
8257
6739
5594
3350
1999
2182
5554
7304
4552
5937
7634
8991
8147
5466
783
1552
496
4774
8206
4086
8940
8053
2992
2074
4844
4307
790
1410
2069
2646
68
9209
4337
5764
4251
8027
885
3581
9737
1321
2362
5389
2281
9752
1624
6031
9804
3614
9706
7631
7160
4062
6472
708
2793
145
6149
4681
1440
4626
1829
3447
703
4947
9581
1551
9830
3885
7024
7599
517
8355
4131
7523
3069
5192
650
5840
3229
5897
2716
2259
2398
7388
2037
1069
3976
6524
5751
2695
2091
7548
315
2542
6232
7
6460
7657
6971
6280
6318
4820
4234
2569
6901
313
1126
5034
658
3074
5501
2038
5203
6638
9310
6912
2392
4740
6150
8055
8166
9476
8879
6956
3977
4060
5650
1348
6492
8567
718
7196
3027
4106
2656
8908
6744
5661
4387
2452
7639
1821
6673
1506
2889
5968
9288
2266
3658
433
6845
4506
5180
3513
6076
2120
955
8251
8842
2626
1692
7877
1917
1820
2832
6102
2547
990
8770
88
3067
8144
5035
9185
4768
7125
3102
7900
1390
1036
734
5647
2371
6886
813
2888
675
6432
1798
880
8716
5679
866
8156
6033
8123
4296
5803
558
7066
1923
4101
8464
7821
2219
5447
4477
7161
4238
8018
9904
7530
8237
1083
2357
5465
2780
8325
1122
7692
4530
4861
3638
9805
1120
3956
5345
1806
3331
8103
1076
4919
4711
9165
5998
7600
7489
5815
1099
8851
8665
1458
3540
7727
6301
6463
6331
4279
4395
1045
3455
4730
706
7293
2386
9084
6738
377
8637
7491
7339
5336
5892
3757
2337
3825
4660
3847
9880
8328
7195
7448
8045
4202
5545
6090
8813
5676
9191
5496
7765
6799
5148
8821
5058
8849
9509
4770
6476
743
3214
7226
6182
7789
3257
5198
5812
4465
9330
5604
8897
8664
6069
5954
1968
329
93
8696
7069
521
9795
3762
408
7250
5159
7963
997
5521
3665
7682
803
4396
8063
8914
4854
3103
8594
534
8782
7891
2643
370
6281
5883
6277
4399
8542
6935
4182
1502
8426
1001
8367
3270
3521
2406
759
7327
8799
5007
9356
2408
8578
8422
2483
3198
1039
3518
4657
3989
6781
8351
6261
6180
9739
7788
1808
3084
9235
7330
6071
938
7861
6273
76
2115
3823
9367
8582
2079
5424
5596
3510
549
7029
7082
3979
787
8227
2671
2208
3715
741
2299
3361
495
464
8639
2010
1098
576
5656
3653
8994
5134
5882
4687
3753
1010
9257
638
622
2895
8378
2218
1525
1886
1224
7863
9736
9548
7124
4042
1805
6508
9878
1622
595
2844
6195
8005
4199
1411
6573
507
1470
4273
8016
7469
9529
4863
8427
8445
4190
4927
9978
5141
7177
8870
1769
3939
383
1392
114
49
9946
5144
4501
2635
9758
8087
7574
8559
1682
1716
5473
1542
1861
5962
5242
5177
6401
8083
9240
4427
9394
9647
3526
1888
2254
8893
4046
948
3640
1781
9490
4013
6045
2722
895
2119
7547
319
3789
3086
6552
180
8043
2515
1902
4537
4444
8766
2248
8852
4079
5343
423
9704
3890
7170
5072
2364
1468
5862
4808
6156
950
8745
9100
321
3443
9820
5681
6622
7934
6713
3493
129
3646
7475
3965
9773
1507
1778
3677
2425
2682
4312
3834
2435
4335
5799
6834
5975
9456
7326
7360
286
4336
119
5487
6211
80
7357
6486
5784
9301
4705
3973
5091
6741
9182
7763
2728
3654
6288
4753
3896
217
516
9386
8510
527
9441
282
9527
1439
7353
5527
2861
5126
5851
4924
8229
9897
9738
3044
7749
3522
1620
2339
4751
4738
7950
4257
222
9864
3830
9872
712
9358
2677
4605
7603
9430
7620
2900
6577
414
6826
9515
781
3349
3302
4737
8681
1723
9192
8751
8737
5033
9577
3925
7894
3530
6177
2064
9893
228
8833
6854
6248
2991
5067
5250
1549
601
8562
6413
6395
7483
3679
4978
6230
84
829
3268
5097
4236
8161
5875
794
9989
3731
5161
3353
3770
3104
7264
7929
4278
681
6674
1946
8341
5373
7865
1338
8411
4157
2325
1595
1412
8735
9140
2159
7646
9039
6982
3698
2581
2570
5787
121
2263
9740
8314
6140
7289
1961
1532
5777
7658
1096
5423
2679
3151
5045
3907
6124
1992
2201
1671
1249
7526
2875
7077
1360
3718
1596
4301
3195
3674
292
5476
2123
4363
4041
9819
8214
1417
6838
2321
2705
2128
4933
1847
126
5285
8687
9487
9570
2948
6977
3002
3491
9424
6471
9280
8481
2430
100
6060
2486
4944
4015
1614
8
5283
1127
3436
9426
1681
5914
1138
8110
7810
7807
6070
7441
636
425
7878
8722
6104
756
6353
6080
5868
9697
925
7982
7376
7588
8236
5762
5638
2790
4775
4710
6609
3154
2440
8385
8713
3470
1684
7316
6087
5601
1561
3947
8607
5357
8969
5881
3799
5789
8625
9355
9241
8264
8775
6843
7830
5735
1747
5152
2246
7978
211
8476
2086
4222
6387
2177
7496
1605
4508
8326
7313
2517
428
7012
2277
4892
1760
415
8623
7372
8755
4771
2493
945
289
4009
5877
7127
9064
5829
7755
4989
2258
5631
547
8598
4179
6267
9151
2946
6368
1150
2660
5304
9325
5252
1496
9423
1952
8857
9646
1320
1053
1759
8589
6285
3230
3152
8835
4493
4218
4932
2494
984
7941
2913
4064
5645
9351
9349
9051
1631
2329
571
5702
6330
8469
8693
8759
2746
6881
4514
5267
1635
7098
5646
3912
7116
8676
6352
1190
3930
5824
8750
7702
6898
8644
685
4394
7701
2802
8360
2353
3928
1274
8028
8959
1662
6887
7853
3125
6525
2385
7635
862
9402
2696
4603
1988
5333
2391
9733
1746
8518
188
5008
1638
6529
1290
4835
1184
557
2687
8281
4201
5529
2413
4675
6807
6565
4344
7021
6964
3868
6084
9195
29
3038
5009
2158
587
6989
5270
6863
5290
8943
4558
7748
5464
9785
9154
2533
6559
4889
4316
4988
1527
7779
9484
5398
8796
2473
8530
4294
9592
6595
4482
3461
7163
1186
9255
811
3197
283
8494
8322
4961
9750
9514
3556
2300
1194
9279
1935
764
210
494
1293
2393
4545
483
6351
7233
5850
2756
7336
2422
4604
6412
2665
5842
9376
6371
6934
8915
4040
7915
3465
7984
2930
4139
965
4473
2898
1998
6143
6774
6513
2441
1169
9399
5369
1119
8526
5358
9590
393
9684
8593
9873
8370
9973
7393
937
6501
2631
2005
5479
6347
7536
1082
565
1547
4683
9992
8158
9589
1037
4375
3406
6518
9415
5680
1151
8202
8231
5663
3220
5581
869
3105
3484
3838
1130
181
6088
401
4606
1905
6944
7192
10
1092
7773
774
8743
6263
4146
1865
6585
437
4434
7698
3535
333
2634
3096
7848
2616
5416
5942
1301
2783
8317
2637
3842
6032
2072
2737
7167
1510
8249
2699
5806
5744
7058
3167
8483
6013
2294
6268
3430
9971
214
2658
9718
8151
2446
9225
2490
7746
6659
3514
8649
1824
3276
3687
2382
4798
8142
5024
9980
9147
2384
598
7009
5057
1819
5029
9146
1825
6483
6144
4587
5725
5624
4346
6311
1832
1366
6909
5610
801
6561
4567
2750
7709
4720
8659
9964
6824
2629
3253
6891
4918
4256
4912
4063
1872
9012
5621
8060
3418
6170
5295
2170
9641
2975
4762
8738
3377
7623
5852
4208
7608
2506
5400
1012
927
2769
3800
9102
8250
5303
4459
9091
96
5372
4229
3870
5782
9125
394
4761
3059
7504
5771
8828
4019
5906
3958
9008
2717
5228
3118
9397
935
3852
4588
5620
5122
9488
1057
7078
4866
2707
5599
4833
3781
5885
7232
6314
1273
8583
7486
1396
8622
4884
243
8827
1945
3445
3318
5639
3244
2725
8310
7731
9368
6209
3238
3263
2253
6134
1480
5113
9112
7557
1251
6837
5070
3462
9088
2172
5413
643
7993
7194
3864
458
8993
2155
7258
2081
727
8774
648
6736
4928
7602
745
4051
4455
6892
1042
5900
9877
4791
707
8538
1627
9699
7965
3856
3393
605
3049
2333
1275
8089
1571
4550
7532
7524
8213
8881
9004
6851
7495
6255
6922
4589
9792
7043
1850
2831
2330
2135
2789
5977
3008
7498
8961
6148
264
7101
8946
6669
8388
1207
5557
3376
9332
2457
4303
7957
5592
2989
5320
26
6039
8861
881
2739
6980
7838
6174
567
1655
789
318
1811
1197
9390
996
7337
9720
4749
7307
2006
3729
2928
5742
361
9507
365
3573
9354
5641
7071
409
917
6295
4291
404
3070
5678
6377
4457
7818
9513
978
5053
2599
6972
6970
4668
6112
3056
9501
3579
3452
6813
5729
1162
7418
3860
1386
2765
4793
5524
1665
7645
7991
7835
3075
8682
4722
6234
9303
944
1966
9163
2514
5096
815
6136
3859
6788
9991
3686
8970
1749
4489
5674
9669
5690
8472
1812
7429
8352
4467
8294
5427
1927
2822
665
5432
7183
5849
1591
9043
5763
1697
6996
3168
7642
6853
1720
3439
1654
6764
492
8549
600
3613
8126
8208
5546
478
4025
9703
7204
4250
6312
9919
6662
4913
1688
3711
6752
6557
9700
3410
5254
3116
5308
2286
8790
6984
7966
1227
1104
7778
8995
6817
8489
6106
9756
440
717
7890
7371
1616
3456
3444
7239
2564
4541
7836
7380
5516
6950
1490
8197
9963
1097
8749
2612
4685
5076
5755
5047
1565
466
1327
9350
2784
4733
4350
1306
7571
9779
9932
9392
5409
6667
8939
3779
5062
7520
2749
4724
9836
4309
4089
1501
9858
7928
1328
8357
8765
271
9166
410
762
9050
2859
5820
1903
1310
8085
296
2029
9437
1895
6058
4717
4773
5146
9469
5692
7280
7559
904
8534
3424
6498
2654
6137
1833
6366
1094
8019
5911
8436
2799
3668
524
8618
2585
6361
4299
6852
2914
5263
43
3085
2519
5266
6946
2433
2566
8020
5247
631
5768
8443
9566
6382
2416
4191
9633
3916
4423
2751
4479
6465
9918
2538
3642
1835
5917
2167
9223
3169
3284
7823
5903
2301
7197
4535
9471
9935
2292
167
616
5974
1167
7610
2820
7837
9406
3135
2057
749
2628
6635
5611
9014
3282
7664
4072
3666
338
2001
2094
9207
459
9929
1580
7356
2980
6832
3994
9882
2114
7910
5511
988
5374
6215
488
6050
8612
1252
4784
2959
1132
8610
5718
8574
1370
1704
1540
6259
7493
3807
8590
5749
1767
1611
9957
5208
5907
421
6905
6676
6632
5471
1359
6617
241
1677
4917
6586
966
2152
65
5048
4049
3531
6628
3340
1145
247
2206
8892
7090
2617
7973
831
9506
2571
817
63
3482
4529
7933
2320
2388
4708
4837
8516
9139
6221
3467
6469
2529
7696
4450
7542
2171
8856
5488
4302
6243
6139
1483
5739
9925
2026
3600
8584
6874
822
6684
9474
5095
6809
133
3673
7413
7351
746
8981
4845
4328
6407
2077
4985
397
1300
6844
6380
2324
3756
9561
4087
5595
961
8013
6802
2118
6797
268
7390
6046
405
8059
6480
327
973
7159
3387
7391
5288
8904
5576
4519
1325
6762
2694
5022
3775
5560
5747
6954
9133
7020
9169
8794
8825
1456
2806
3908
9800
4332
1333
9479
1582
9314
911
5003
3620
5522
5613
4872
3142
4159
9413
3542
2013
1799
4638
6775
3320
8900
8456
2594
2947
9331
8374
5607
5622
1918
6431
1931
969
647
1668
8068
7112
6767
6888
4155
5074
4949
3975
8107
4102
3037
8312
1899
5823
6188
2592
4811
850
2407
3098
987
2621
4547
3256
6107
8847
5528
5796
9528
7348
3207
9523
3893
4154
9578
6300
5166
2189
5011
9567
1739
2885
6722
1341
5171
9863
8384
8640
9725
2274
1243
3684
9069
3671
8014
5556
2762
1137
1160
9357
1461
5785
7949
3520
1245
6208
8102
798
6384
2726
1740
8153
7822
7670
1925
5385
7799
3010
280
6721
7764
2438
373
2043
7217
9789
1383
4979
4362
1568
627
4475
7309
226
6830
1754
8150
1115
9021
5092
5403
2647
194
4361
503
2045
1950
8395
8069
9543
6278
1109
5936
7303
9454
8484
6276
7912
6037
6477
8763
6289
6993
3723
2054
6464
5023
9412
1158
4127
1498
4888
434
1738
8629
6130
7899
7573
9984
9475
4481
7780
8955
2492
1177
158
7473
3289
2373
3250
3397
7913
8645
4734
4055
8934
4151
4571
1025
1209
7057
1232
5384
3647
6947
753
4617
5634
5736
2742
3672
9324
1593
4271
8875
9930
178
9806
7951
6403
4180
9302
846
7901
2993
9239
9606
5752
3328
1358
2794
9243
3582
995
7870
2520
6313
3148
4365
1477
9695
3004
3006
860
3352
4359
3783
4688
6938
8726
8862
1453
555
1013
2595
6326
6042
3055
1573
3732
4776
3774
1424
3391
67
2869
2574
6544
5970
4031
2106
1174
8890
300
5390
3402
4565
6640
9123
1009
1350
5052
7487
8248
5716
5773
486
2002
688
3334
3565
2527
4241
6615
6803
8252
6664
6372
8636
6166
690
3033
585
3730
5514
4694
1432
2232
8918
4725
1466
8949
9446
248
9186
8109
8686
1546
933
7914
2024
8090
7186
6603
3765
1983
6132
8104
2644
7419
1352
7688
5163
4308
1335
2774
592
3321
1634
4498
3423
3120
2649
1027
8086
501
8121
837
9010
7849
4027
1233
9253
9580
8105
7820
7409
8401
3761
120
3736
4143
4819
632
1237
7961
7181
694
1994
4113
9175
5519
8393
8753
6570
1332
6456
2950
5233
7437
8697
9611
8951
5309
6548
8725
2921
1989
9845
6596
4343
1526
8666
6973
7840
4663
6709
3904
7584
1644
9233
7214
6746
2956
7324
6152
855
4696
9545
6859
3362
1765
6016
275
1535
7940
9089
3747
8853
6780
5628
8471
9702
1152
4583
5082
1210
2273
6114
6099
8228
150
3637
27
3563
9328
7992
9095
2165
943
6914
3664
8421
2127
579
8247
7287
2541
9956
3583
6600
3641
535
6336
107
1375
1615
8173
853
159
3935
4789
6096
5869
1860
6381
6773
7190
758
2837
7488
5760
6246
2205
4168
9920
6818
2618
3549
6710
7736
5294
1007
7747
3375
330
500
2252
3365
7222
73
4338
4548
1276
614
5406
4175
661
221
1975
821
8975
2100
309
5704
7175
9247
3017
3046
2775
6388
4454
3981
4816
6835
2754
9521
6777
2009
9968
3421
7785
9622
1280
3506
7753
9384
1379
920
3308
3874
9928
3324
279
4211
580
7355
6660
3622
5248
3899
2534
8381
3766
426
1826
7979
1112
1159
1388
2813
9753
8611
5833
3431
725
7905
849
8044
8580
7734
5313
7534
1478
6812
7168
4249
3322
8333
9571
182
9557
5451
7529
3726
4898
1515
6502
3277
400
4691
8212
1814
2239
1751
4497
4469
2137
8933
9013
4243
9550
5435
2764
5469
7767
6193
348
8536
754
3173
7871
7176
6235
4228
5616
7030
4112
7446
8824
9693
6122
7476
7242
3122
7086
5156
8315
3562
8540
9846
4629
1641
5908
9079
2142
4495
709
1942
8834
2062
9197
6975
2760
1472
6346
2421
1347
2502
714
1916
3881
130
5114
6079
7741
1787
8741
4695
9945
9381
2788
2692
4732
3952
7311
6731
5147
2450
2083
46
4382
2684
5315
9234
2902
7453
4486
4977
1774
1131
3913
7097
1170
9526
4938
7999
1255
6040
6254
9847
6789
380
477
7691
6337
861
8296
9312
5665
1147
7638
9472
1481
2650
185
5662
407
4440
8286
1125
8839
5507
1976
9044
2919
3957
9591
9300
8988
336
482
3505
7260
3876
894
5239
7815
2404
8822
711
5682
6937
4380
1649
2136
6968
3519
1261
2598
8397
1876
2297
6784
6497
2887
3804
6702
9035
1852
4887
9158
2342
5598
199
737
9113
1896
1397
1230
8410
5176
8619
5461
138
37
9716
5063
1008
176
8052
5748
6920
9943
8599
3446
7255
1853
4048
1962
3742
1810
4292
5310
897
8196
7377
3963
4909
3960
4033
1141
2260
5818
5316
2936
8461
502
5961
8319
6866
8127
9640
4860
9917
2866
8359
108
4446
2210
22
4796
8106
5274
4549
8498
5492
1032
8658
554
7067
6611
6763
3093
3383
1189
4786
6571
4205
4178
3612
7854
3858
1528
9025
625
2424
3267
510
5655
1839
2178
2290
1068
2778
6325
9378
367
7417
552
3534
3793
4044
5928
8525
7826
4472
2101
1148
2168
6251
9605
1406
9522
2792
5458
6591
8781
3599
5140
9915
4741
9630
6181
2467
1646
6663
5317
6726
147
3368
6728
5169
3015
9142
810
5938
6428
3463
2415
2830
6974
9775
1399
6207
4995
9307
2423
4118
530
2508
2714
8200
5714
2719
9722
7236
8744
859
9713
5051
9505
3130
1199
2537
3504
3557
2403
8350
187
1271
7119
9434
3738
639
7271
8901
3341
7776
8193
2545
1941
8260
8694
6612
8268
1725
9564
9213
5990
3724
5275
357
5981
3304
6634
6618
1445
5366
9837
8021
1727
5258
5467
6581
5088
4515
6493
8077
2197
8899
8493
8362
4834
8595
1254
629
9124
7354
4200
8168
38
1015
6411
9276
8548
3512
1823
4815
5855
5101
4134
985
5127
8096
7064
2227
1214
4916
8434
6814
4838
4966
8345
444
9002
5286
9902
3744
1676
7947
7814
2770
3144
1555
5583
7587
8965
7087
6212
5992
5162
4920
4797
6810
3182
5894
7147
7717
3621
7363
5689
9296
8402
2256
7299
5194
1103
398
3382
7707
2584
7001
7904
7485
4645
2463
1331
4521
1258
7135
6815
2554
2539
8942
5311
6766
3045
2031
3934
6747
7094
6758
2361
522
6305
3767
2401
5948
7279
7083
6203
922
9393
6127
9379
9322
5976
9660
3632
5644
9346
349
8003
8850
8814
8167
9052
8642
3920
1922
4676
2808
7208
4727
8437
9360
2853
151
1977
2970
4206
2653
1745
5887
1416
5555
1940
203
3492
6620
9679
6378
2344
5468
9892
9782
9748
7130
8989
5588
4105
820
6048
8094
6238
6392
1339
9952
1514
4783
6394
4634
7750
8786
7243
3009
8963
9638
9352
5170
9960
8767
6223
1503
5790
9875
2734
9117
5811
4847
9655
2139
4306
208
8347
5705
1061
4193
4262
8430
2613
9259
6028
7322
9401
135
3659
3381
7282
6833
2605
97
512
9644
4204
1385
8880
165
5417
5654
4826
2957
3489
2582
1429
1664
9103
4517
6271
2807
6910
7527
4553
3959
2931
9177
8773
325
6556
5959
9665
5504
8675
7594
5419
9489
7931
782
493
3955
2017
8503
723
1451
3954
392
1241
7985
9370
5149
9343
9553
7218
7502
4973
7887
9143
628
7036
1380
2840
6900
5688
5485
3966
1937
7540
7088
497
1175
2327
7347
8784
2573
843
5562
2982
6014
913
7146
1298
2477
2511
4967
9788
8270
4126
7011
9573
8719
5019
6375
7259
8931
7444
1583
7341
9282
8974
5060
1093
4680
7597
5491
9639
9285
6065
4699
8817
7440
6186
9286
232
7902
3551
9953
277
3706
3511
6688
3652
6125
3188
1029
8788
2331
8667
2095
1643
1044
6119
4094
1663
1984
9862
436
3689
2107
8009
8216
6997
8245
1024
3020
239
1722
6439
224
160
3327
3141
9780
1576
8831
9668
2826
8282
6876
9631
4728
7179
7519
1065
1291
8811
3754
5872
2540
3025
1367
541
802
51
7640
981
7220
4407
5561
8470
3656
6175
907
1618
7543
8299
2718
6437
7433
3466
5997
1497
7053
1711
5989
299
2396
7647
2697
7296
6653
1446
8544
8913
1785
6714
5865
8141
607
6167
1163
5558
7227
8978
7522
1726
6999
3948
3667
2122
1117
1730
216
1996
2848
7334
6959
8194
4877
8486
2910
3129
4697
8646
5442
4255
9612
4654
8179
1084
6151
3843
7223
6735
9206
7367
6362
1529
2963
452
9138
4794
5456
8651
1642
7975
4297
867
2500
303
4997
5349
9891
9435
8343
450
141
323
1040
5509
4334
8262
2798
8365
9045
6560
5575
1792
7231
941
9857
656
8304
4145
9137
4575
2513
2591
5448
2365
2892
7428
8876
5319
1413
7153
6319
481
6995
23
3591
90
4747
6583
9616
7412
7185
9220
6110
1153
2409
9114
7358
8335
3500
1219
2410
7525
3898
1165
5505
1272
4594
4850
7265
1071
1034
3177
6455
18
446
6958
2596
2173
2943
2108
6511
7482
2015
1887
7665
4458
7240
4788
6588
8760
808
5363
2709
2468
9502
6682
9017
7956
2484
7352
1003
8474
2050
3042
8816
2085
6657
7787
3146
970
3495
7366
5124
2322
4007
5483
3134
8700
2562
8551
1842
8672
7510
6904
2833
4795
1465
8392
2867
3476
3692
8944
7442
3179
8108
2896
4129
951
1978
242
312
544
3617
2641
8513
7550
314
865
2941
7824
7654
7480
1612
1078
6651
4081
2432
371
8100
6691
7683
8064
3855
6340
7040
7432
6983
6034
1691
4568
5215
263
2280
6495
5626
4566
4393
6185
5918
8415
6133
6020
9565
9908
3645
9078
729
3355
5878
6522
3680
1294
9731
7059
6787
7653
3440
375
936
771
272
6406
6625
6646
3342
1967
4953
7759
4842
736
4453
7241
9065
5272
9216
1281
4787
2669
7291
8067
3533
2872
6652
4468
5107
347
1213
5388
3379
1287
2089
7005
6593
1494
3980
5031
6389
6458
9983
3388
8428
956
7171
8906
6786
3778
7690
3073
8170
7164
2608
4069
4969
7651
6017
6906
8537
7842
3369
6986
5800
2580
2523
8423
4906
3155
3189
4689
7828
2698
3161
8800
8238
9623
6126
5131
2966
9447
212
8708
1085
9440
6425
8761
5920
353
8091
6949
5321
1318
5061
6249
6169
8138
9134
8164
8475
2087
2480
4076
7122
5834
4960
5494
3813
1051
4474
4183
2366
6482
8780
8789
9547
1372
9373
3172
5573
1744
5183
542
1926
6003
5891
3449
5037
7879
6364
6740
4038
1198
784
2664
8973
7447
3428
1915
1846
6569
7010
3007
3984
9034
8609
6452
4602
3553
117
6129
1621
4915
3348
9320
2264
2233
9895
8269
4456
2326
8650
7209
2587
3594
635
9183
1414
2007
5612
9629
8386
4245
4986
841
2864
8015
4461
4807
9455
8065
5004
5168
9865
1088
8552
5455
5633
2659
7401
4494
7757
3252
2110
2814
2228
7075
7706
7494
6001
696
3422
864
3202
8073
3236
3750
4780
731
3474
8284
3878
8919
1656
5854
9007
5532
6073
4772
7439
4310
7556
7081
4538
6555
1467
6778
3425
7464
4219
7554
8772
8718
9518
4499
5111
5251
4311
1964
3720
8886
345
972
9385
7673
9327
5552
3607
1344
3196
6994
9884
702
4050
3278
8132
2474
2453
5571
4260
2505
4325
6928
8070
218
4693
2655
6494
2666
270
2945
7539
3390
3310
2381
2011
6649
1732
3728
5322
6241
4849
569
1006
1073
9774
2420
8754
6825
755
8440
896
9278
4742
2314
2908
5231
4409
8873
5209
7903
4900
3114
9651
2040
1409
2614
1564
5880
6626
1262
2211
9062
9467
1054
5707
7721
7184
2602
1491
1428
8935
1521
7156
8535
9650
7246
873
1893
9056
4354
8608
8962
3434
4415
7468
8727
9066
8997
687
847
5792
719
8597
5020
5121
5617
4543
4748
2198
3516
5334
6723
884
498
1196
7463
5697
2455
2791
476
4408
3585
2748
8621
1229
4203
9032
1779
4719
3938
9985
9694
3911
6720
6718
8463
8570
6576
7576
5727
1592
9024
2586
7387
2293
3227
5414
3508
9770
9036
2723
5188
4836
1091
9755
1908
9364
1026
8160
2146
8375
4172
2610
4804
124
6800
1703
7050
4560
6358
3523
8171
742
7063
568
1090
791
6240
7605
5712
8804
1448
4939
7964
6889
35
6327
7816
5324
9179
1969
9281
474
9692
7100
832
8866
469
7874
1173
8573
6798
757
9266
6173
4404
1729
7942
4056
4557
4817
8048
5985
7072
4471
8656
4855
8711
1898
7298
5027
8029
2200
2657
6435
6141
6624
5525
2633
1476
4858
8576
7049
238
7897
3088
19
2729
915
311
6542
3239
3477
1334
6783
4100
7637
9966
2442
603
2338
5544
7760
4110
9869
5227
7716
8145
7846
3221
3112
3237
2437
6715
748
1680
9251
623
7516
4930
2188
3717
4569
3186
8354
659
3865
9909
5745
4998
6796
8723
5046
5040
4298
5164
3828
9019
4758
4071
304
9208
1851
6083
9666
1854
9696
4703
3626
2285
4641
8092
671
2489
779
7591
9205
2020
9995
5329
4030
2056
8049
4516
3068
7414
6979
2058
5001
7459
608
4317
9254
3515
3974
5138
3631
1693
3836
1208
295
7909
9015
9038
7292
5478
5861
8721
4490
540
7484
2204
2220
8130
4397
9896
520
4523
6563
9642
3313
848
4433
8920
5609
8452
5925
8797
3332
9634
1373
8603
1844
4624
4261
9190
1550
8911
9596
8041
8217
563
3316
1670
6027
6621
9313
8848
2990
4655
8432
1626
1473
2251
8088
9532
9148
1289
4232
6286
4047
1257
2795
1086
157
4221
7627
9825
2999
6598
2070
2394
3496
7093
7976
6574
3595
6055
9765
700
775
359
8855
5253
2207
642
1623
8466
7953
1539
59
652
9741
25
1389
8739
5593
1407
5376
3217
9420
395
9540
7314
6095
7221
5284
6805
6357
5657
5832
8209
6631
9323
7501
654
7936
3993
8308
7108
2561
5307
1
134
6768
5224
2868
7310
6444
3133
651
1678
8368
5292
6429
6018
7728
7332
5486
3035
7834
1297
8663
9248
3946
2842
4153
2606
1079
7513
3301
991
3138
6930
1459
1695
9063
9135
8266
3875
4934
8575
1402
4522
1750
9232
6527
3703
4215
230
6791
50
5956
3601
7384
1783
6214
5197
3586
4166
8371
7477
8276
4000
9898
1891
1828
2061
5179
3281
3969
9675
5094
7568
6976
1278
5767
1014
2951
7202
4767
6321
8829
5946
3303
3064
2673
562
53
262
6002
4975
2675
3721
1797
9333
9772
7570
8497
1455
2663
3961
7668
9236
531
7819
1047
9127
9683
8545
8287
489
9916
1296
5446
3401
1322
3448
6446
5065
3552
657
3468
9799
499
3618
1487
4974
9719
5730
5249
5547
8149
3862
7921
8877
4061
2469
8740
9834
9599
8517
125
4991
5306
9907
960
8054
5723
39
6829
251
9797
2881
6668
1382
4412
7155
8515
2891
3663
646
5825
8683
1602
5213
2030
3837
9848
7215
8998
8291
5659
6760
1391
2439
9926
8081
3140
4765
6275
4128
7521
7562
805
670
9754
513
8586
8752
1694
202
2604
2231
6515
2370
2878
3411
2283
733
8917
738
7974
6678
5636
4439
5732
9835
3559
9273
1283
7506
3109
2745
6224
3091
1295
5870
4092
7110
8198
3094
3967
6549
7150
4383
5991
721
2972
5888
3175
6145
5216
3910
3024
9546
982
892
9803
1369
581
3271
6041
7318
2464
610
1882
1782
4964
7633
8195
1102
2690
5130
570
9563
6022
9270
776
6216
8527
5497
113
9628
2161
6236
5236
144
7860
368
8746
9560
4556
9451
1023
2343
1221
8316
6304
7983
95
3372
6606
7369
7455
9742
7256
1930
5909
5354
526
7808
4096
274
6924
5298
7704
1651
1201
9005
4017
8521
3066
2444
2487
6672
4464
3347
104
9504
4460
9106
1645
2865
8742
7044
5391
2076
326
8137
5950
4536
1807
5431
4526
4059
1075
5245
58
1064
3835
9682
8201
7041
816
4424
4698
722
8420
1220
2368
934
5375
3213
8600
3901
2815
4295
6884
4356
9687
8265
8927
9844
2543
3760
6535
3986
3524
9656
2310
7003
8509
7028
4413
5945
7191
6848
2549
8358
6806
8232
4803
9170
7873
9058
4965
4181
7385
8508
7257
5584
5830
7511
4242
9486
900
1377
6873
6750
2740
8277
71
6654
4635
403
1021
1813
2295
4021
7751
3712
2488
2607
7622
3153
597
3561
81
5971
2411
480
8344
9077
4470
424
6584
3933
7958
9520
9421
2668
2890
5793
3953
2348
4546
9813
3882
3479
1756
9643
9199
17
8689
8218
6819
3809
6204
2332
9149
6719
8703
7128
3597
3295
15
6213
5212
2625
9263
6443
5923
6404
3274
7321
3460
7033
6860
7720
611
3345
1880
993
2522
5257
7607
2358
1579
3639
8112
4158
5327
3693
2212
3795
5265
5783
715
4658
8369
5093
8272
3233
2678
6135
5268
4983
8000
634
7386
6516
5848
1374
8798
1495
874
1533
2340
9677
77
7004
3124
5318
5364
844
40
1504
856
2874
9452
4103
7126
2323
2068
1911
1894
9593
9732
9374
9534
9429
1362
5994
8657
1597
2615
285
7276
8496
4578
9119
4785
3273
8172
2759
3983
6790
6597
103
699
3604
6578
8710
6590
4891
2465
1973
5087
1706
1650
1442
2360
2075
9975
3851
3279
4451
9293
5963
5530
7207
1345
8223
9701
9252
5935
3366
6862
9277
4503
2346
9763
6103
1118
9876
9867
328
5081
2479
3082
6804
4028
2619
7935
8869
7426
3260
3791
6761
9224
9626
4559
9582
4943
9419
7290
9464
6226
449
9781
2706
3570
9831
8311
8795
914
8491
136
590
4263
9690
6420
4769
3808
5042
3918
8258
7775
545
4163
9967
1193
2214
7896
2363
7713
3209
4023
4488
9214
1155
8263
1156
9556
8057
3796
3567
8677
112
8585
9849
9009
6491
9076
7364
3704
1907
9698
7676
6521
1755
7431
388
4678
7805
