9
39
340
131
251
499
111
205
1
48
380
95
101
77
332
120
191
367
406
137
206
486
477
443
62
494
487
299
258
10
347
478
356
365
124
195
76
428
392
469
376
28
142
306
266
264
430
414
30
253
193
350
53
291
412
425
343
483
387
300
354
216
26
208
411
371
269
84
468
109
285
52
78
331
303
442
277
167
400
227
241
321
222
271
307
359
472
117
330
416
323
145
105
445
182
459
147
133
470
407
489
229
280
141
238
34
337
239
32
212
132
358
467
37
172
73
118
4
422
402
190
123
151
72
500
59
353
197
2
475
138
92
164
320
200
128
243
375
413
314
176
446
461
336
162
11
399
107
88
426
71
449
313
87
318
155
304
272
174
248
497
335
424
115
349
181
305
479
484
433
465
178
22
319
102
74
466
81
57
165
66
490
401
410
215
226
263
257
86
134
63
203
199
183
338
437
363
13
471
31
379
389
296
463
398
452
218
168
129
496
421
207
171
237
293
275
287
90
69
240
14
317
25
55
408
396
364
417
274
382
198
235
43
391
106
474
427
188
20
21
372
381
480
173
434
374
368
225
351
288
228
495
284
360
224
160
58
103
202
346
79
438
325
295
121
397
245
16
70
462
383
19
440
50
177
64
436
8
221
189
194
333
24
357
220
259
431
460
429
180
135
447
97
384
294
457
454
361
184
456
394
42
254
156
196
116
175
110
169
83
187
493
485
98
35
309
286
265
329
453
419
96
256
409
377
45
432
230
15
41
491
27
122
201
153
289
148
46
252
232
231
82
54
49
5
362
136
159
458
481
283
234
302
149
125
38
47
244
223
324
219
310
211
366
418
233
298
450
441
104
435
328
89
17
140
204
146
179
290
312
404
282
322
464
242
308
236
157
311
342
250
420
152
488
255
40
386
292
67
439
339
6
348
119
130
344
370
388
345
301
100
390
75
85
492
93
166
18
65
33
385
23
80
326
378
393
29
476
260
455
108
139
44
94
7
276
334
161
246
68
327
170
113
423
112
281
158
369
51
185
262
261
473
498
210
341
373
114
403
192
247
3
297
268
60
186
355
482
91
415
61
444
99
36
126
150
270
352
56
154
448
316
395
217
278
451
12
214
267
209
315
249
127
143
279
405
163
273
144
213
