4694
2626
576
2495
623
4660
488
2312
824
1694
1242
4591
636
4140
856
4785
3664
1006
135
3647
2140
2720
4511
4149
3828
2623
3722
2791
3594
50
3268
2675
1052
2659
225
3584
1819
335
2252
4503
2235
2321
922
2731
1043
1346
4829
14
2833
2712
4386
809
534
5000
2198
70
2702
2159
3057
2875
3864
3366
3891
2676
1893
3521
716
4619
2317
447
789
1629
264
3066
3721
927
2490
2745
3448
1370
3525
556
2166
2808
3782
1330
602
1475
2711
4560
4827
3457
3233
3596
2386
1785
1137
1250
3403
357
53
3029
1317
3810
4071
946
1357
1603
674
2999
2840
4944
3512
323
240
2933
4364
3076
667
1992
3491
1574
2442
3844
2157
2572
1639
3688
2817
2672
4496
2437
706
1116
2729
3556
2835
4123
2857
600
3555
4230
2613
395
3704
2942
3395
958
3290
1784
1864
2528
4931
1917
564
278
2208
2611
3294
4064
3179
2601
2684
2117
346
3245
3281
4141
2914
2797
3706
2349
307
778
2454
241
1995
3371
4451
1890
4227
3023
4703
2011
3835
3878
807
4923
1349
2976
1529
4387
1134
4004
465
530
1186
3922
71
2466
4773
2418
2988
4456
2225
1729
2481
3665
527
4951
2222
3993
1869
3286
2367
1662
3261
1277
1131
2119
2543
65
4559
104
2324
2747
4216
3159
1667
1759
1648
8
3440
1979
4357
777
4604
3720
2378
2820
1957
4382
3304
356
2865
182
32
3148
3687
2260
3591
3896
1845
652
1885
1318
2867
226
4110
3849
4700
1506
1034
2690
4881
382
1587
2114
1001
1493
4131
3079
4685
4518
3701
4862
2226
1049
3889
908
2184
3697
1717
2816
4080
408
2392
4322
839
175
759
1251
875
695
403
739
4870
1375
1147
3195
453
1559
4067
1179
1800
380
2870
2973
1721
1897
55
1752
1942
2919
33
4171
3943
4261
4193
562
1455
4433
1554
4082
2606
3695
901
4282
3401
3115
653
1175
825
1468
2719
390
2229
1910
2053
2928
4883
3307
3043
591
1276
3173
3705
1213
3898
2917
1720
4969
2276
3075
2045
4997
1431
1548
985
2076
3393
905
4154
2959
3796
1208
3870
4710
3540
4618
1518
2752
288
1401
3966
2245
413
3832
4761
3166
2500
4607
626
3675
950
710
3842
4038
4292
2195
2902
3730
1666
2496
3388
3437
459
3779
3267
2389
1507
3804
1360
516
3278
1002
2390
4467
2266
3617
2070
1269
373
174
3408
845
1487
3903
3139
2871
3077
3360
4026
1243
4455
438
4413
63
2098
894
4088
2880
4912
2510
1127
545
96
4299
3817
3329
2916
2565
2494
3452
265
1328
3576
3858
935
3407
1337
3692
3398
1801
1054
3714
4986
3495
2042
1149
456
3523
3402
2822
3736
4950
2862
2022
1130
3369
2537
1790
3992
2768
4616
3080
1438
4623
1567
735
2591
1206
531
2894
1376
1046
1926
1787
4296
2475
3816
4566
648
2434
4861
917
1622
1234
4938
446
3863
3396
62
3284
938
3473
1958
4547
2148
481
902
418
615
3897
2556
786
619
4234
270
4151
1531
3550
4839
4994
2350
867
4349
1604
2778
185
2202
1320
2644
3588
3801
4460
1902
4190
1171
4860
919
4598
3386
4532
4278
1865
4558
3271
673
1692
3208
218
553
1261
2574
1560
4569
294
2607
3489
3757
4244
499
1098
1406
4397
2514
420
394
2134
3868
3292
1079
3435
3411
3206
4875
4898
3480
251
2527
2129
3866
2785
281
118
4787
3350
3472
3321
3373
4857
2603
1355
155
4927
2700
130
3336
1846
811
1879
4767
1456
810
4673
3367
2721
3883
1157
3422
909
4016
4368
2203
4573
4290
3505
831
4276
1036
2228
2549
3154
4248
984
3084
854
483
4818
580
4664
2467
1660
3406
3671
4359
4546
1135
1737
3128
275
3002
4738
3044
4043
2097
114
2394
1970
932
3699
4925
1705
4252
2892
2869
2885
3760
637
2512
3313
1191
1815
560
861
2638
2009
4894
1413
3022
4046
1146
3446
4907
2571
3912
3249
3141
3131
3798
4833
154
2303
2191
685
340
3830
2733
632
2064
4434
3303
1690
645
3602
3258
1805
3203
3323
1863
2801
661
1419
712
4353
4202
4519
838
1541
310
3885
3404
4389
4702
1395
3794
3871
4541
2223
4864
1045
1661
3011
4235
2773
1581
4175
4859
1848
3902
4033
520
1426
4301
2048
1641
2748
1715
3250
3728
3289
3872
1512
4418
2465
4341
1162
1015
1944
4498
3389
2376
3477
4582
4882
2005
2086
858
847
1976
1724
4643
3105
529
4035
4483
1647
3522
2029
2807
2663
4778
2520
2415
3597
1811
841
2230
2178
2054
4790
1858
3205
4521
4754
612
317
1812
944
1389
1640
4679
4048
942
785
4746
279
1966
993
3083
2780
656
15
3663
4526
4351
3851
2984
4403
2444
1602
955
2469
2716
2853
584
4027
2524
3593
3829
305
1519
4757
69
4645
2488
524
4473
2017
4753
796
3134
3070
4367
2906
798
3346
4074
1368
2382
2728
1293
986
590
2243
3298
1109
4257
1396
679
2958
1678
4876
421
1480
974
3581
1755
1486
1187
1161
3325
4044
3529
2162
311
521
328
3807
304
1473
1410
3412
3096
320
575
322
3735
2432
4395
2139
1415
4897
544
1579
4796
1783
410
1195
364
2706
406
2337
514
787
3825
2992
4902
3949
3138
331
2924
3199
2754
3137
3950
3604
1082
3509
1899
3207
3405
4228
1215
3707
763
2652
2602
4099
1888
233
3132
1959
2562
67
3045
4584
725
1280
3277
2244
2664
3648
3979
2588
404
885
4321
2839
1404
4810
2921
1963
962
976
2965
3951
1398
208
3312
2961
2502
1704
2174
1765
2327
4764
3690
4800
4164
2422
3788
255
2194
224
3859
2908
4481
995
874
2050
4172
2507
3095
52
1851
3571
2299
3548
4068
1619
4853
1439
3947
3578
907
2067
1233
770
2115
169
3538
528
4002
1630
2329
72
1508
4410
1526
3151
3257
3217
3091
1856
1502
1308
4821
1140
1521
429
3239
2703
3183
428
2111
610
87
217
1534
775
1427
1511
4191
1170
4059
3531
3919
1900
3958
3287
4014
3751
4265
4342
247
3164
4329
2793
4144
1290
2084
3508
683
3330
3553
4967
3838
2940
4304
1832
4138
766
3879
4756
2852
2647
4408
2441
4439
4155
2909
1069
4662
177
1754
1037
2929
1727
4823
727
1925
3190
372
3909
2622
1701
4122
1668
2707
1867
1380
2717
4400
2579
3971
2058
1669
617
3331
2642
2513
3193
2239
4318
3176
1681
1474
3450
2315
4192
2003
4977
607
3691
2183
1125
1388
3478
2519
4782
1653
2388
4553
4905
1097
1842
4935
1177
4390
3197
4528
4686
2306
4429
609
4231
2457
66
3738
1354
3184
431
726
1205
2614
2210
4485
4603
2967
2508
3689
1457
2696
3074
1586
818
2584
2739
4047
4440
4096
2026
1497
389
4562
3265
4612
2474
1145
2256
2782
3658
4730
3499
2247
1193
3694
572
4968
2575
3815
3612
3427
4332
22
2735
3454
3969
191
4565
1490
3520
3094
1033
826
1452
1344
2911
2633
2287
3934
3997
2882
3182
4454
2272
2938
948
581
1915
3469
592
3847
4879
149
4946
2806
2024
1895
914
4084
1945
3214
3009
1620
1222
2860
4297
1102
971
4648
1424
1613
4169
886
3160
3806
877
4505
4168
366
3975
3071
3490
3244
1617
2922
3670
3316
258
4200
1289
2945
2102
4996
330
282
276
3623
2340
1843
4522
2654
3725
784
1408
2347
329
3056
3420
2794
3433
2292
1225
2421
1794
2956
614
1216
2468
1595
4468
2530
1032
3213
2887
510
4148
474
2412
2848
4709
1539
3916
3263
1908
1244
2224
2529
4915
2834
4640
3198
799
1770
1442
815
4589
2041
1610
1820
1214
2124
358
3784
3685
680
3442
3516
2786
729
4732
4119
2951
2812
2630
855
2896
1482
2790
561
4124
2407
2108
1168
3924
4631
507
1447
3136
2290
1023
662
1342
2385
2000
4208
2843
4705
4656
3283
4266
4704
3918
2301
1987
2553
18
88
4888
1429
542
1021
2082
152
3826
238
4302
4955
1876
2760
2570
1232
1035
2380
2704
4269
4654
836
1528
3101
3288
4517
1530
4964
1716
4920
872
3632
4538
1017
2666
2599
123
78
4377
473
622
4695
2153
4934
3598
150
800
747
4121
1983
2296
4731
209
1515
896
3741
2952
3775
3616
4232
4404
1077
4550
2838
2055
668
1286
163
4249
103
3069
2446
2410
210
3054
3744
2085
997
4627
4025
486
2259
4941
3893
1594
2810
2884
4007
571
4600
3631
4570
1609
1677
2265
4412
4789
4388
1350
2970
2604
1347
4163
2365
3514
1738
670
630
1882
2590
2338
2326
1414
3884
4780
2426
2288
16
4577
3873
391
159
475
112
3434
4344
4588
1711
4448
85
4681
2344
4783
194
64
3876
1605
3449
4580
1758
2974
1931
1600
4087
2012
3129
1538
2653
3394
4156
184
4215
3496
1975
101
4250
2577
4919
477
768
2949
3752
411
967
1632
597
134
4427
2031
3948
3020
1871
1810
682
1663
3035
4910
2099
4241
819
2411
1416
3409
4826
203
1709
3494
1914
4527
4844
3582
1980
4103
189
2546
3812
4625
4659
1282
2251
708
852
1673
1929
1768
4243
2518
4911
703
1181
30
1691
2598
4396
2854
2809
3259
1105
4224
4929
724
758
3994
3042
1327
3256
3590
864
1799
4985
3058
3285
3519
1469
2932
1710
4822
362
4515
1306
3715
4198
4457
3888
4805
4114
1273
1381
79
3430
2345
3194
454
39
4529
4042
4958
3375
1592
3426
1796
511
3718
3158
3385
4358
392
1544
1132
293
3109
2595
4223
2298
1391
3980
495
19
2369
788
1176
1672
1115
4375
2354
964
2968
4736
2608
4287
1310
4307
4678
3019
1335
1516
830
2125
4437
4237
4153
1379
644
613
1481
2650
2273
1156
3390
4077
624
4195
1583
2563
4514
2291
2078
966
566
387
36
347
2796
1923
4117
694
4587
4846
2258
3552
4988
2692
3956
1955
2282
2631
455
4799
567
3299
1479
3276
4892
132
3133
3102
3467
1505
1872
2552
1802
167
4023
666
3005
480
2302
3856
2264
509
4050
1384
1573
4974
2755
3570
2281
3337
3383
4210
4135
4449
1873
718
1981
1654
1918
4343
2414
753
817
943
4020
3742
4653
1741
1719
3579
3772
4150
1400
956
1430
1854
711
3474
2453
10
2470
3123
332
3637
4262
2353
1682
1746
3046
4097
1599
2888
3813
3965
1011
746
4008
3003
4663
4360
4960
4324
355
2671
3862
3484
2152
393
2077
2744
1158
3376
4100
206
1774
4226
1304
245
2089
244
1367
4070
4989
2826
4613
2538
2969
2010
2233
2212
2849
2116
4085
248
1625
234
4490
1061
1334
2749
3792
722
2979
2740
26
4622
2458
3252
3524
1112
1196
583
2146
2014
1053
4313
1333
4832
504
2170
298
2156
2339
4749
2779
43
1974
4102
3106
3545
2028
4717
1200
2678
1142
4824
4872
4845
1136
1353
2890
2605
1818
1685
500
1267
4303
3113
1231
692
268
229
1635
1412
2960
1393
325
681
675
2878
4593
808
929
2227
3226
4725
1948
4354
1731
1894
4984
4493
503
1642
4507
3073
4407
4214
3306
4642
4484
4312
3791
3041
3913
3636
1119
765
145
2923
4340
1169
1078
2238
2307
137
3125
3061
93
3587
4134
4330
1108
3655
439
1968
260
4948
4675
4281
4510
4617
2629
4065
863
4393
1714
1450
3196
4632
3086
4300
3421
1204
2060
2551
2734
1229
4585
3059
3410
857
4940
3643
860
4430
1106
2138
2542
2670
4212
4987
2450
4031
4293
595
748
369
21
4194
2925
1813
921
1083
1453
3530
3717
1345
250
1245
3140
3732
2615
249
4441
2242
3910
3470
3786
4005
116
4326
1532
1058
121
105
4492
878
2330
466
2216
3387
4537
2218
4887
1104
3240
4283
3414
1329
3100
3577
4384
1652
625
596
4352
2355
2107
2913
588
3708
1686
2972
2895
794
3357
1816
300
3428
2710
1875
3774
3334
1103
4899
1090
2695
801
2294
4916
2667
2332
1985
2636
611
781
2188
4000
2724
4765
4236
2580
3955
3528
1029
1572
4801
881
3606
1726
3780
4735
464
2177
1607
543
381
4185
400
3600
1636
176
2814
4419
476
3224
767
2377
4563
2360
113
4551
4452
3211
3471
1569
3485
3773
200
3931
1517
2861
2737
2061
3710
7
3539
978
4091
3787
1971
4256
3985
1733
4667
1748
2019
3911
1814
3012
492
2398
1253
341
1821
4446
1031
3254
3085
1373
933
4639
4075
2047
4325
2352
4305
4482
1224
2214
3053
3547
2621
2883
890
1881
1608
4689
1644
3354
820
1491
3712
3942
3413
657
1417
86
4370
3108
4545
1207
193
1324
4924
4723
4229
1141
4509
2805
3324
2899
1791
1268
107
1434
89
3855
1209
1403
2897
4129
3201
3640
2686
2348
1188
707
3487
2366
1364
4611
693
4751
1180
2311
2459
110
1397
3010
1144
762
2558
505
3544
1743
2505
3050
1421
3857
2881
4251
4268
4306
3200
2044
627
2402
1631
2891
25
1285
348
1797
3415
559
3155
1256
3165
1008
306
111
873
2874
1072
4037
4851
4776
1340
2034
2381
359
4867
638
3370
1861
4260
2679
3877
3347
4830
3763
3654
2319
4908
1946
4058
664
41
2758
2859
4552
1463
4079
508
2126
1123
865
3818
1935
2981
3574
1707
3906
4328
4752
336
3439
4105
4373
2628
3563
2718
1338
651
1556
1739
2997
1088
2135
3852
1877
1305
2491
1637
1525
1638
4272
1807
4708
3391
4999
1279
3345
3953
4314
4233
3746
3065
3107
816
1553
4003
4242
1464
2425
4523
3039
1555
658
1850
2430
4715
4917
140
738
2359
1166
1211
608
1240
3482
3875
1331
4348
2424
1960
925
3365
4922
3536
965
2762
3048
1776
1129
3348
2404
2741
3372
1697
4294
1024
3432
287
4771
1924
3253
3925
4055
1239
4471
3566
463
3603
2698
741
1392
3153
2920
3453
4906
354
3565
4066
3297
4815
3007
1728
3937
2181
493
4010
2705
3974
891
4366
2842
4669
3589
2074
2171
1378
3419
4275
2408
269
4590
3269
3219
2219
1683
2416
2781
3575
2511
3989
222
2699
2480
262
1219
3378
599
4422
851
2947
2619
1868
3936
183
3968
452
2445
1773
4601
2832
2342
2851
4896
2175
4959
3170
1488
4334
1930
216
1561
2234
2492
4173
3823
2278
3270
1390
3235
2792
186
1702
1722
3273
1972
1343
2039
4497
4213
4933
4392
51
1383
2262
1550
593
1484
689
4711
3887
2829
2946
888
4942
3180
4743
846
3353
1118
3766
1822
4548
2130
3231
2845
2158
74
1939
4245
4540
3425
2651
4104
4092
3116
2879
4039
1471
4564
2023
1322
2677
4605
3237
4240
2363
1076
931
280
326
1671
490
2399
1565
4177
1909
1645
3634
1020
1217
2691
772
1626
4021
3034
1962
3260
368
717
2868
3929
2309
3839
192
3649
4094
837
3676
212
3236
4873
2255
4258
1689
2335
115
3626
1013
1703
1659
4263
4288
3119
80
541
467
4556
4401
4651
2213
4338
697
3625
2471
827
4465
1742
3038
3503
2164
3954
2536
2765
3026
1010
46
1155
1745
3661
843
1953
2211
643
4831
4061
3834
1905
4726
4470
3047
650
2110
1441
1295
4733
1736
1087
4466
1012
339
91
1943
3662
2987
2018
4217
1967
3901
2539
3327
4056
2784
3881
678
2151
168
4835
1409
3338
3541
2101
4506
4893
4286
1369
2172
2634
1509
4904
4078
4995
1904
3861
2709
2813
139
2279
1284
2593
840
3793
2420
2693
4029
1038
3399
4718
1612
1965
4090
1287
119
1446
887
2541
1696
2777
2687
4791
4333
239
2769
1182
23
3557
442
714
4706
3619
981
1695
1126
4963
4992
1462
2964
4323
2680
4346
3765
1941
3821
4885
1831
3627
1063
3809
2722
3169
4766
4914
363
4982
4218
4112
4239
900
4409
2991
4108
1454
677
3771
2304
3500
1936
4692
4677
2587
916
3301
3093
4036
3210
4355
1159
2263
4869
2015
945
2996
4531
720
470
2532
1999
4189
4722
4966
996
3355
782
3869
1656
2582
2726
4979
377
691
540
2464
4900
3964
3935
2525
990
2904
4478
3097
1113
1221
2314
3309
2736
4160
3800
4834
4012
29
1465
3762
2586
3667
3799
3843
2640
4411
2275
3781
3447
1921
3114
3341
2594
1425
4052
1190
4621
1920
1803
2409
94
4775
3358
12
3767
2836
1467
4599
1855
3456
1183
73
4444
1056
980
4945
3770
2479
1545
3266
1075
2966
2788
1489
1399
987
451
1298
2616
1693
517
2751
2271
4030
4182
4693
3646
792
138
4847
1210
4691
526
4721
1628
834
4399
4143
2483
424
2804
2004
1841
3678
4712
375
2144
2253
4477
2545
4432
2846
405
409
1094
2069
1057
2066
4903
3527
930
3492
519
555
2665
3168
231
3560
2131
3680
290
2819
783
4459
850
4788
1543
2889
4017
2206
3686
3504
578
4145
3241
1428
2161
2824
1549
1993
3620
235
3609
968
2364
444
2766
4840
806
1533
4137
2145
889
3118
1781
802
4990
162
3112
4884
286
3274
920
1857
2597
4298
1122
102
3928
2062
1300
1698
1615
3293
4379
2935
3510
1563
283
179
84
4965
2051
709
3960
2893
690
676
899
4453
352
37
1197
577
2180
1382
3171
4147
898
4488
1265
2248
4045
75
2059
2313
4274
4205
345
2185
3326
1259
4264
1862
2461
2305
2143
3511
1835
2021
1986
2356
4620
2657
2122
3595
1022
1041
1437
2953
1449
4166
821
4837
1588
3515
2547
230
2289
4909
2521
3854
1451
242
2090
672
496
2176
1514
4542
426
3052
2489
4347
2201
4405
4115
2596
4028
2994
1916
953
2990
3513
4472
4221
2523
3836
2189
3977
3475
897
2371
3970
2462
731
252
3251
4576
4069
3981
2493
291
457
3143
2763
1236
2609
2007
4350
3846
2237
3753
4953
1829
1372
3961
3468
4295
4641
1074
3758
3436
416
2501
603
1084
1913
2798
4666
3359
141
1990
4093
2581
1443
585
3242
3185
756
3996
3777
127
2274
4668
2767
3811
4279
188
1762
895
2550
342
3392
1700
1309
59
1445
4335
4072
3221
4863
912
2643
3089
83
3431
535
606
4544
1262
4843
2585
4777
1880
1989
2497
1
108
4125
17
1332
3659
4786
3272
3559
1121
4371
219
180
2559
3618
4273
2775
232
4878
2396
3923
2186
4913
35
4011
3181
126
4991
4615
412
1651
4086
1866
2900
3188
3880
2025
4426
3824
1504
2341
4797
1891
316
1165
1173
649
1786
1030
2645
1570
3202
2837
383
2241
1143
1674
2689
2534
3995
361
1356
68
2448
2440
42
2568
1436
3611
3653
3315
1110
374
957
1313
842
604
719
1580
4943
435
4308
4534
1734
3063
2257
913
4398
1154
106
4674
4806
4041
147
1919
3150
1973
301
441
2517
3130
4113
378
2649
1080
3464
3227
3498
3698
3837
4081
172
1988
386
3380
663
3904
4729
3700
3567
2776
2499
4319
1937
3087
3124
4391
2221
1432
4009
4394
1070
647
2343
1246
2877
822
1839
4285
4838
4836
1068
3506
419
893
2727
97
3088
1911
4976
998
1139
314
3280
3585
911
2068
4174
401
1485
1933
1840
3497
2419
303
1007
3750
2472
2200
272
2268
4271
734
4646
2555
266
2535
1849
4742
2250
3797
1977
4106
3673
1202
445
3681
4284
4015
61
2261
353
1780
1940
3397
4578
1522
432
1906
750
38
2783
1744
4583
4495
289
2423
3362
2872
4159
1934
4952
4633
4759
3635
3356
751
1065
4196
4158
2220
4406
4676
3300
1067
3127
3328
4804
587
1688
133
3890
396
4921
2531
3733
136
2915
3368
2413
3339
4501
2802
4592
315
1358
3642
2096
343
3463
776
616
1483
3161
1578
433
3146
4807
1777
3333
832
533
3982
1589
2918
2449
1440
1501
2701
1264
2049
3481
2661
1782
2406
3147
3633
569
4792
1878
334
992
961
205
4204
2795
6
1650
1092
1907
2685
4001
2637
3351
1422
4954
1270
2697
1316
4146
4203
733
1226
3908
3317
1228
379
365
3229
2548
3451
3562
829
292
160
4183
552
4032
2578
109
3932
621
4650
2557
1470
3465
2522
4491
1302
4813
1823
1833
223
461
3310
4186
2032
1991
2395
144
532
3144
2132
3660
2944
2750
2641
3178
1961
4784
4932
3006
3030
497
2375
1271
1551
90
4649
1133
2799
3914
518
979
926
1027
2576
3459
1062
1163
1000
3340
4741
4763
4543
3441
771
3177
1952
4428
3220
178
2429
3987
4658
3526
2095
502
4040
1997
2803
4053
4253
3569
525
1003
3624
3622
589
3583
4854
3572
2334
1949
2391
1201
4744
2092
2351
1859
3926
4187
482
4132
563
2886
4062
4225
479
164
1314
1359
633
1585
1051
3737
3899
4374
1386
551
2612
2400
1151
1266
3142
1060
4060
1751
804
27
628
4594
3186
812
337
4856
146
4089
2439
2112
2308
153
1423
2267
1459
2985
1772
2963
2460
3941
2554
77
202
3629
3479
1085
1889
1606
4772
2648
4770
1009
1294
4442
3423
2635
2509
4634
1757
947
443
3384
427
4956
1405
2980
949
143
2443
1520
3364
3248
2093
1767
4458
2955
924
384
1297
1418
4665
4464
3610
1363
2821
3978
2372
261
737
1789
3748
4644
1634
1189
1708
3068
4626
940
48
2903
2236
4420
3747
2150
3761
2270
2379
1326
952
197
3831
1830
4682
2036
2624
2831
513
868
3081
120
1947
2982
972
2876
2732
1120
3024
3999
327
1167
3318
1499
501
3822
1278
4891
2743
1969
941
2286
2600
3803
4365
754
2136
1059
4107
4707
1826
2361
2905
629
570
2683
4637
1847
1394
2463
2772
828
4
4535
4462
2204
47
2770
2451
1321
2373
4475
3917
2941
2625
2610
1788
4128
3017
344
4013
4489
2155
1184
417
549
196
448
2674
3064
1091
2948
4024
1100
3291
3693
434
4316
2103
4720
4512
3789
4820
4661
2165
1523
246
2844
554
4947
3238
1627
2118
1101
3021
1019
4369
1824
4184
1513
3078
4672
2746
3677
3455
2730
2714
3945
2681
351
2655
1172
3592
3352
548
3051
1564
3605
2934
1275
2789
1996
1099
3613
3973
1047
2141
318
1649
319
3542
1524
4868
2215
1898
256
4628
1621
547
4889
2957
148
4095
3037
2065
4647
1886
4309
3967
1152
1982
4798
2147
1838
1540
906
1658
1699
4019
833
4595
4961
2336
3216
4180
296
2417
4372
2325
3209
2864
2715
161
1096
1712
1732
1740
58
3905
2907
117
4970
2016
2192
2632
1192
487
1374
1994
2008
699
3296
1795
2433
2503
1095
3314
3135
4376
3225
1557
4614
4161
2179
1756
3952
1537
3157
2346
1237
1546
3652
721
2931
3458
1749
1312
4978
436
3820
4167
3650
1255
1249
1596
1874
4768
702
3036
478
2197
2322
1254
3900
3783
2283
3342
489
3534
3962
221
586
4423
4179
1466
4136
1928
3535
1040
655
1071
1448
3246
1750
1492
3363
181
1274
2038
458
4949
4508
671
1922
1771
2617
3008
3262
1111
4698
760
312
4280
761
3850
3946
1411
3004
2983
1614
1655
2912
4701
2094
3840
4289
4219
1028
620
491
4199
4034
1128
4327
4602
1706
1311
579
1260
450
2269
512
4018
2013
573
4755
3892
3754
3580
100
4819
688
4530
4871
2002
3149
3016
414
2427
2333
4769
698
4683
2926
732
4972
1601
2583
3696
2627
1664
1978
4220
3615
2485
257
1064
4895
3940
1577
3808
1853
1582
1365
1590
4779
3656
1593
308
928
95
989
4291
2452
2128
659
876
2020
4486
3013
4513
3466
4246
3739
3848
2566
1844
388
3295
3607
4737
669
2405
4728
1066
506
4438
4760
1089
4520
1198
3716
82
2756
3223
791
1472
2998
3308
4317
3630
2079
2006
2217
3645
4504
1377
3218
3608
3682
1558
790
2455
1527
923
3776
3963
4206
1616
705
2160
1760
271
3986
3745
1675
3933
4880
3867
4469
3120
468
1014
2815
284
128
1238
1247
684
2927
285
4209
469
1203
4356
723
4222
214
4118
1825
3729
3865
2989
3234
4533
4157
700
4435
2040
4063
2046
3920
3027
2100
3418
2725
803
3669
3853
2231
4207
4655
4610
1536
20
92
3191
4579
2080
2487
253
11
2560
2088
4713
1860
2482
397
2977
1073
4858
1164
236
639
866
398
793
634
2277
4447
1402
2043
4781
2823
4480
1761
4267
1299
350
4586
2682
2105
975
742
4687
640
2123
1292
1048
220
749
3462
1212
1535
3907
24
1723
4425
743
1435
2986
237
4758
1272
1624
1339
3122
2438
2358
2476
302
3734
2113
1385
2384
3543
1623
4567
769
2387
1646
2447
1461
757
3028
3275
4842
2403
385
3983
3483
195
367
539
4445
2431
1500
4973
243
2975
2193
2873
125
3361
3874
1138
415
557
57
1956
2456
3802
4116
198
1725
4739
460
1044
4255
190
1753
2057
2173
2133
4162
994
3215
904
2486
2370
853
4402
2800
4176
4416
4076
3938
2
3827
2656
522
3461
5
1494
2688
1371
1291
1460
4575
3062
1571
773
376
485
805
4848
1185
2473
4624
736
3443
1301
3264
1227
537
3189
309
1218
2300
2063
3167
4109
1352
3755
3033
3549
295
3944
4825
4866
1576
3727
4524
977
1764
215
4971
2504
2091
4101
2120
1633
2368
4983
1665
1793
654
2477
2030
370
156
1837
2856
2484
4793
4936
884
4557
2544
4499
3672
170
4568
2850
665
3764
3000
3614
744
594
4130
4795
598
3082
1361
3768
4697
3507
988
2428
1081
274
1117
3174
3795
3532
3841
4554
4794
4083
1584
1950
2167
2109
3486
3991
259
3668
4572
3683
1747
915
2567
4865
3343
4962
936
3833
2072
3172
4345
835
4476
2293
4638
3651
2858
1670
4479
3564
4111
2618
3984
2978
910
3104
484
2811
4561
813
4152
774
1828
425
4811
1005
3018
3895
1836
430
1223
1433
903
3546
4609
1901
1148
3785
3724
4680
2660
2316
635
3644
2328
2759
4630
3163
2169
1510
3601
1718
3709
31
3573
2713
982
2149
4597
2071
1039
3067
1730
4745
2939
605
151
1303
2383
263
2284
423
4849
879
3769
1964
4652
3311
3501
4549
3322
2787
3988
959
3621
2954
2295
2533
3805
171
2168
3743
973
2774
844
4331
4170
1362
1998
4998
2573
1806
4502
34
4606
4363
546
1809
402
1241
713
2087
4748
523
1676
1477
4841
3055
122
1954
98
2033
3666
2209
3554
701
4886
2401
3814
3152
3162
1938
862
2285
498
324
3187
3558
4336
4636
4310
3335
3488
2668
1503
515
2962
780
1258
1160
4188
880
4120
3998
4259
3959
963
3032
2182
2187
4574
3092
166
4828
3561
1657
4719
4165
3599
3537
3319
2436
4716
4747
407
4126
3031
56
582
4022
1951
3110
536
4315
1004
871
3740
165
3894
4415
3518
2540
4734
2205
3702
4057
2052
3212
44
1687
3111
313
204
4581
1230
2828
1769
131
227
338
2199
4516
1932
2898
4855
3460
2362
4750
3232
28
2589
1562
4657
1834
4688
4311
2142
1778
2318
4443
4937
60
882
934
2830
4740
686
277
3502
1766
1194
2498
9
4814
4699
4378
4808
4774
4361
2331
3723
81
2930
4901
3049
970
4890
696
3222
1792
1892
1903
870
472
333
3493
3713
1597
2901
3175
2106
4957
3121
728
4254
3939
937
4385
3320
565
1598
199
1341
3230
1912
2564
3476
3756
550
4487
4431
2232
4684
4381
2478
2137
99
3090
3972
3976
1387
2127
4816
1643
2723
960
1779
4337
883
267
3533
1174
2818
3915
2764
1235
568
2121
3040
1026
1496
3192
2357
1852
4671
201
3015
4494
2761
601
2196
2620
3927
4993
4211
2297
3424
1552
3726
297
4127
3103
1263
618
4270
3243
4049
207
2937
2742
4383
848
3
1884
1124
4277
3381
4098
2561
1366
1050
538
4181
4930
660
1153
3638
2506
3302
1288
1114
2993
2569
3778
3001
2027
1575
1458
3445
2001
4525
764
1927
4850
4500
3349
13
4877
1680
4918
1542
4596
3639
1325
4635
1107
859
4539
1679
2075
3921
4629
213
437
4197
991
4696
4724
951
642
1735
2827
2190
3025
1611
2320
2393
3657
4975
4926
1252
1150
1870
755
173
76
704
2847
631
471
2669
797
3247
3156
3930
2866
3374
3072
4417
4608
4421
1220
4450
969
2280
228
2673
2995
715
1804
1178
3628
4727
1315
4247
2910
1025
371
3400
4670
3429
1248
3517
45
3379
129
54
3731
918
360
3255
4803
2694
4536
1407
814
1042
1498
2207
2254
3344
2757
2515
1684
3703
2056
3332
4874
4201
1591
1827
1018
2249
2863
3279
4762
4006
3819
3845
40
2841
1093
2435
299
4073
1495
4714
869
2646
1296
646
1444
211
3990
1420
2662
4238
745
2771
999
1086
3228
4809
1566
1817
1896
3886
795
730
4852
254
1808
2658
558
3679
4133
3684
1887
494
1323
2163
4139
2708
4690
3117
142
3711
1307
2825
158
3282
2104
2323
574
2246
939
3957
3882
4571
399
2950
449
3438
2526
4812
2310
4463
321
2639
2037
2081
440
4178
3417
4339
2035
641
49
3641
157
4980
4802
4320
3551
2943
1319
4424
1984
4380
3749
3099
4928
1763
1199
3377
892
2397
2516
3145
3674
4362
1348
1476
1568
823
422
3098
954
124
1775
4436
3719
4555
983
3382
3568
4051
3014
779
4817
1016
2855
1618
462
3790
687
1257
349
740
4474
1478
4054
1351
2240
3060
4939
1281
2073
3204
2374
187
2738
2154
4414
3126
1547
4142
3416
1283
1336
2971
2936
3759
3860
1798
1055
4461
273
3305
3586
2753
1713
4981
1883
2592
752
3444
2083
849
