238
736
81
413
981
393
597
491
49
944
986
255
75
865
404
39
915
135
195
667
349
742
470
988
311
618
512
65
35
473
152
909
698
299
55
54
296
304
522
835
970
94
735
935
680
480
627
856
362
621
13
705
682
500
180
184
850
563
564
869
860
191
921
895
994
604
814
391
911
288
61
630
655
569
107
890
333
148
824
336
957
57
181
338
319
197
78
8
918
92
945
242
934
575
743
375
186
552
485
647
395
376
649
170
490
799
670
873
947
453
746
425
25
444
5
247
199
872
59
894
441
692
3
952
839
240
141
879
798
355
996
426
137
819
110
880
755
686
955
108
400
477
560
402
833
324
775
830
714
536
854
134
922
43
397
271
643
565
710
982
496
115
159
157
646
707
640
438
394
925
22
861
149
617
787
322
504
256
158
572
907
989
384
562
217
525
527
841
309
706
360
434
822
73
275
427
801
709
471
476
571
379
326
964
679
954
449
386
703
619
867
130
503
998
859
539
811
34
942
98
583
498
327
722
301
623
776
462
206
390
237
864
224
176
488
974
995
183
33
253
818
439
31
26
609
904
688
112
282
421
219
596
661
963
958
412
951
637
891
501
114
370
365
40
851
587
728
600
484
607
672
513
442
968
838
89
917
126
102
216
32
923
305
603
756
699
999
517
187
774
445
610
354
274
276
808
431
948
738
803
751
385
510
144
143
407
325
265
363
190
286
991
505
205
302
196
694
730
807
906
763
715
790
266
223
899
855
423
403
459
136
876
877
321
507
759
885
723
323
997
962
806
829
676
792
544
298
898
523
64
1000
832
800
192
548
494
674
658
528
372
781
487
554
932
269
235
359
881
105
2
113
791
10
132
524
252
506
361
422
515
813
731
398
367
529
222
345
614
66
482
68
773
757
244
652
497
310
585
868
697
188
559
292
86
846
19
200
660
767
573
693
332
616
780
931
257
987
468
464
38
358
460
797
80
938
635
268
977
424
612
210
538
827
961
628
178
625
887
129
486
273
380
16
711
812
689
160
201
401
142
314
825
433
784
123
377
348
99
758
848
429
297
489
410
151
230
204
502
312
233
893
435
67
566
591
42
451
432
620
20
44
1
691
654
167
520
419
821
769
234
17
683
481
263
598
875
279
663
155
96
729
789
88
685
447
12
633
550
93
350
457
37
578
366
300
227
122
779
983
659
589
599
228
678
532
41
82
475
331
602
535
526
960
406
436
456
551
153
330
329
718
239
291
499
272
834
673
546
45
145
653
511
590
810
786
902
399
101
717
203
128
579
936
374
414
704
60
21
121
335
874
768
937
509
7
285
458
168
720
793
778
853
290
220
23
63
318
261
844
574
215
752
454
972
782
739
315
933
347
469
657
313
52
150
463
430
969
914
533
249
567
582
97
684
545
51
644
926
270
973
295
828
29
85
540
702
371
27
913
595
293
980
479
163
584
549
308
283
976
103
161
749
368
837
883
251
701
465
928
317
306
388
177
744
662
448
175
356
146
849
547
896
721
127
156
341
166
382
437
189
531
18
677
713
862
138
805
639
280
225
9
764
320
953
287
83
440
353
119
185
568
70
870
664
116
111
493
802
36
770
901
636
6
777
396
990
173
125
483
198
857
553
519
420
106
193
250
417
56
959
965
46
772
262
608
95
541
712
624
760
104
956
133
284
518
120
882
561
557
117
971
650
863
405
905
48
740
586
638
984
226
84
147
4
748
543
277
734
950
884
592
912
580
967
11
194
719
831
246
71
381
58
804
908
213
537
154
91
910
415
930
666
264
642
339
165
892
927
346
530
90
254
534
845
737
303
622
76
267
87
765
943
761
472
919
852
785
14
940
218
245
816
340
258
815
443
941
847
724
750
747
364
581
783
140
903
641
920
392
241
788
700
389
629
939
62
357
631
516
492
840
74
514
139
645
260
281
675
555
461
208
316
352
221
606
665
369
613
708
577
576
656
632
344
795
207
418
15
794
681
858
605
455
727
820
416
695
72
289
823
373
47
79
182
328
993
946
169
626
28
766
428
897
716
231
916
408
741
889
594
809
796
50
886
508
69
826
648
732
171
478
243
351
771
307
900
109
753
588
53
556
409
888
30
411
259
843
979
690
446
687
342
450
212
754
615
131
601
745
949
378
762
162
174
179
521
467
334
878
668
651
337
172
871
929
100
452
866
118
202
211
474
978
842
383
985
975
924
696
229
593
570
836
209
669
236
733
343
164
992
634
495
558
294
232
466
124
611
77
24
725
542
214
671
726
387
817
966
278
248
