978
124
653
1535
1029
1517
11
1865
1098
625
297
527
1085
1124
1213
760
1812
1152
1240
35
224
1465
1150
490
1030
670
1131
327
1486
213
1492
552
1008
46
428
1202
540
1652
1197
1280
1464
1844
469
420
1829
582
926
1118
1926
1473
899
673
1101
397
123
294
982
1512
1290
520
1565
1602
284
659
1323
216
1481
1026
746
986
1870
1006
1685
727
637
633
156
1412
1510
121
1953
1063
289
1017
1560
1050
1171
1774
1449
365
720
1563
50
105
77
283
1396
1896
818
282
486
580
1405
1431
210
1081
1264
874
1125
1415
1849
858
1203
1505
1028
705
805
232
542
337
1609
1905
1406
497
1186
811
228
523
158
1732
983
1839
302
707
200
1808
15
307
370
1971
1222
750
1958
635
1733
1457
1099
922
997
402
395
22
913
1863
1578
863
1315
834
870
438
640
398
1645
1817
1539
1521
73
132
311
1234
793
1888
1460
1775
51
1603
1772
290
696
462
1489
1385
376
1941
985
426
66
545
1949
1553
719
733
1022
883
575
1500
1475
1413
1813
1584
1831
725
74
548
758
1263
249
167
1048
923
1665
684
1973
1898
305
1107
1527
1794
1570
1824
1120
1397
1776
1288
1862
1164
1220
1640
918
405
385
1807
1969
225
371
1979
145
608
1383
1680
556
1351
1282
740
459
1948
393
252
1452
882
1668
415
139
1151
1842
251
1601
1149
1598
387
144
1024
304
798
711
894
1299
76
880
704
396
323
919
447
61
1495
1792
1522
1021
4
1211
1929
466
29
489
1425
532
1380
10
1773
1054
1265
1963
1907
1523
996
1056
516
1607
19
1998
313
411
1418
504
1704
1547
137
1126
201
407
1739
1069
1398
909
369
1567
1648
1456
1658
1168
1286
842
1715
470
1827
718
1043
506
366
271
45
1455
872
513
971
1654
661
42
1580
799
537
430
1057
1830
275
207
1614
1198
410
1738
1303
192
57
934
507
1435
361
1545
1976
1173
1083
335
547
1459
555
1853
1329
1987
630
285
487
273
188
1625
1301
611
107
1281
1236
88
234
322
947
90
319
1
68
1901
1018
316
130
1706
1627
663
960
230
1426
812
685
1651
1800
957
67
1683
1117
1532
519
64
529
269
378
601
1612
1313
1699
703
1033
1341
1639
1242
823
1317
1913
949
544
1579
199
1392
1621
680
644
391
1594
16
153
1529
896
666
346
1758
1722
1653
1324
1588
1869
1243
1846
942
1558
1984
1326
1259
240
584
671
357
453
1749
1297
712
1185
992
220
1656
429
594
1856
518
1499
1295
1966
788
1390
159
1628
1365
1795
342
1287
1730
1908
802
306
1458
463
1805
1872
776
1175
1595
1721
1893
336
590
1736
862
253
778
824
332
175
1463
1237
1377
314
166
44
756
1167
1367
1493
374
698
388
255
549
1982
1468
399
1879
1339
708
999
1629
1700
845
772
1065
682
1997
706
418
138
1780
328
208
1025
1713
417
1516
116
692
1387
83
647
1743
813
295
40
161
1472
1087
362
500
1386
1400
1576
268
384
1336
250
1064
1246
1692
911
1404
181
938
165
1613
714
695
223
131
1179
39
1059
1023
1115
1787
939
722
359
1720
1100
160
1342
629
1436
734
1169
599
1924
1761
1932
1600
753
850
675
152
97
509
343
1727
1616
197
303
531
1106
1928
1285
1930
1180
732
1253
1809
1674
1144
1750
928
1864
1940
784
140
1779
1712
1828
214
1708
1338
1972
1210
1526
93
286
1000
499
1550
646
1530
543
235
1471
857
840
1480
1868
1921
1347
1229
717
1859
1255
1546
1836
1574
1133
649
245
962
1278
876
101
539
724
56
1647
331
1641
789
1571
908
300
508
25
1205
317
1799
98
1089
1989
1566
752
1611
1791
465
1719
325
1766
1311
1936
358
38
95
263
241
1196
1748
1238
1076
713
1417
1082
1129
1334
583
1847
1182
390
1663
1671
563
650
796
524
380
946
416
191
715
1644
1662
1488
1007
1617
1172
1037
831
1838
2
63
980
814
442
65
204
1909
898
272
1690
702
1001
1701
1442
450
510
1217
836
309
1957
1511
904
483
1923
1643
454
1815
341
771
1845
959
141
560
1718
1927
1123
1763
1447
1922
1304
119
1178
1556
1260
1755
1184
847
1250
943
1424
1624
745
1040
1267
961
1102
839
1882
770
595
476
1711
321
1155
148
392
178
1672
379
721
762
1232
759
460
783
1606
1581
853
128
651
1444
1077
1010
69
1747
1114
586
1891
1841
936
1902
1816
1753
1134
1306
475
551
1852
1501
624
1477
1524
515
1230
562
270
1370
478
1147
134
1978
1027
1764
820
571
536
1592
1778
889
610
1725
215
352
1002
554
912
1939
755
1536
1961
458
749
363
1503
467
41
260
339
1591
1833
1716
726
226
382
1520
1479
1599
501
697
227
1070
538
920
1005
217
672
1348
873
1086
1109
1388
1174
52
1729
256
114
1258
859
1573
1554
1967
738
17
1899
1837
1337
1850
754
622
162
1453
769
606
1140
99
984
1035
367
895
803
903
1105
1855
567
1660
1249
662
564
1333
1996
953
945
1190
1191
1231
468
1942
427
952
477
1153
731
676
1346
1880
91
728
1895
822
373
855
1826
973
1013
1252
881
1995
1734
1944
1314
1012
1071
473
1350
1823
576
1366
1432
452
1394
892
620
1951
1818
974
1121
1667
743
461
766
1959
267
338
448
1345
1802
1095
861
1917
1670
1051
1825
786
1067
1440
1916
967
1262
1897
525
1441
412
58
1537
1039
589
1986
612
1068
24
807
1858
1080
1557
1586
574
1312
1199
1233
1705
233
888
1555
875
301
350
1740
954
932
1371
1724
829
8
1302
593
177
987
1955
779
1034
730
186
7
905
187
1016
1407
1544
742
1031
1638
231
1887
1183
628
1695
573
484
958
1681
1305
1041
75
1130
1104
421
239
891
1945
846
212
414
1145
248
864
104
981
617
1446
1728
86
1221
150
1483
356
180
929
878
1513
1363
693
1954
667
1806
1046
645
655
887
1466
106
871
1564
615
154
1661
791
1962
585
157
1684
1420
1079
1053
334
59
9
1666
686
1693
1132
827
1103
110
1840
1975
541
202
1793
1534
1752
1946
1208
837
1227
36
312
1214
716
660
394
1485
480
1090
1543
209
679
1925
1411
1060
146
266
748
1379
975
1108
1540
14
345
1049
1375
1036
135
170
951
221
969
203
243
1788
277
1696
1657
84
296
849
222
1402
262
1251
1735
1994
1032
921
389
966
687
710
1970
868
636
1422
937
581
800
1484
970
503
1491
1111
638
375
879
96
1207
1910
1634
1228
694
1226
1528
1960
100
1541
1626
1128
1784
54
1206
1873
1045
439
514
533
1619
1391
1751
944
474
293
198
1470
1216
1271
1988
408
1811
1875
30
89
1834
404
360
111
1112
1765
1968
994
1272
1225
1156
1327
443
1428
1857
491
451
219
561
1622
1977
701
1618
1886
108
1943
1608
844
1569
1443
1782
1433
1632
1357
1502
1883
1074
901
1559
587
690
1642
1055
736
79
55
1860
432
1097
1445
340
877
1952
80
81
1467
1760
1781
182
423
126
616
481
1745
1113
464
1615
764
741
1318
577
1361
1399
1328
977
109
991
950
1389
1525
1273
1585
1254
1769
1193
1257
1274
1142
893
1655
1127
1589
472
211
1429
806
164
292
1723
955
151
264
1136
196
550
993
1682
808
605
517
810
652
907
1218
856
1244
434
642
122
1143
329
1884
287
1369
1819
1430
1678
1096
757
34
424
1476
1694
1372
526
600
998
723
1703
1636
1204
530
917
1353
835
1974
1885
1434
1224
604
809
1820
607
1239
1785
310
1343
496
495
1092
1496
1009
279
933
386
1461
6
1664
1646
780
1044
1209
559
1448
318
890
535
299
1423
493
21
522
678
1215
688
1275
1746
142
1340
2000
1866
1316
1188
254
364
767
485
781
1192
768
1519
930
47
621
1248
511
43
184
1937
964
1552
1335
1676
320
1409
308
1245
557
848
1158
1710
656
1533
82
639
623
1935
471
1757
1783
112
1310
1814
598
774
1991
1590
27
815
1176
163
354
965
1157
53
315
400
1504
838
1374
1593
113
1771
1181
804
1454
1904
244
185
790
578
972
1810
1770
193
1497
570
915
1075
614
916
1201
1110
218
1687
1359
1515
381
841
1289
869
409
1508
129
1437
1294
1072
406
1393
1187
618
5
1871
1877
1726
433
657
444
413
498
1408
927
1052
278
1832
956
1881
884
1284
195
449
1212
658
1276
1270
1931
902
1321
194
1042
596
120
291
1587
534
229
674
1623
924
351
1331
521
1561
1562
258
1867
1116
1395
785
794
1798
1356
797
155
910
1686
1861
1754
1307
1308
70
1416
1759
512
1319
1737
1241
968
281
1980
1322
1572
48
280
1993
1462
1903
60
265
925
1200
833
1298
668
1119
276
1478
1401
699
1148
669
553
330
1482
149
1364
189
1731
1062
1610
179
602
326
1093
897
242
1597
1094
1983
440
1160
494
1015
1688
1650
816
1679
1854
355
1767
1777
792
1915
1918
948
632
641
1073
1947
1091
1141
979
333
626
20
1354
1965
1934
1876
1985
419
1507
1154
1742
1789
246
941
1004
479
830
906
1014
1551
62
988
455
425
634
1194
403
935
1822
1384
1469
1702
1582
1568
12
683
963
257
566
488
1266
1137
347
437
85
87
1490
1990
1011
775
348
1047
1019
825
1373
1410
1138
143
92
1139
1911
3
631
1320
1122
1531
851
1038
1223
1162
349
32
118
183
900
885
1549
102
1914
446
990
435
1919
171
1268
819
1349
1741
737
31
190
1801
1344
765
1851
558
1673
1538
37
1003
383
761
1309
13
401
852
1717
681
1906
1355
1890
103
136
482
1058
773
751
579
259
1135
591
744
1421
174
1261
1170
1088
445
1677
1649
1219
1689
821
1498
288
1296
1675
18
457
1325
1604
1756
1633
677
572
1360
1707
26
205
1697
1247
1596
1981
1419
1279
1084
1762
1583
747
1368
1956
238
298
1061
1669
1889
274
431
1768
237
528
801
147
1020
1166
817
1744
1256
505
763
613
1843
1933
1950
592
368
867
1293
1382
169
1451
1487
826
995
261
72
1291
176
1283
377
1514
1332
603
23
324
1066
1999
1605
1835
689
1630
422
627
787
1235
795
1506
236
735
372
1992
1195
565
1878
1438
344
353
1450
125
1439
619
168
1292
700
441
1796
1269
709
1277
1821
78
1330
115
860
854
71
1804
588
1165
1509
117
1577
654
1358
782
914
1414
865
436
172
1352
492
739
866
931
1637
1427
609
1786
33
886
597
546
729
569
989
777
1709
648
1964
1189
1381
940
832
1362
1920
1177
568
28
976
1575
1912
206
133
1659
1542
1714
828
1631
502
1797
1848
94
1892
1803
1474
1403
1376
1620
1161
691
1635
247
173
665
1146
1790
664
1691
1518
1548
1078
1163
843
1159
1494
1300
643
127
456
1894
1378
1874
1900
1938
49
1698
